127
0 656 1556 1353 1661 991 418 1874 1397 1233 1276 1044 844 883 836 259 1476 2133 1612 1148 1561 1416 1402 1249 3322 2285 1774 3764 3793 1453 1628 4114 3528 1888 1166 1038 883 2320 2133 1724 1069 2320 1649 2167 2499 4153 3269 3536 3603 1050 1069 2091 3412 2065 3267 1982 1640 2625 3236 2678 2698 2865 9305 2708 5834 3396 2678 3603 5020 4537 4158 1870 2806 2738 4548 3507 2391 3382 2311 2480 4916 6809 6827 4698 7346 7489 7447 7631 6090 2349 2706 6406 4779 4518 4278 6705 5926 12004 7540 2139 11021 10723 2645 7007 591 883 9753 1094 6434 5852 6564 6149 3899 812 1100 2422 4111 3642 8622 820 1556 3641 4722 2346 5096 5911 6612 
656 0 1870 1996 1166 1612 844 2491 1945 1358 1801 1578 778 1281 1486 625 2133 2789 2252 1805 2216 2065 2029 1870 3602 2594 2207 3946 4080 1755 2117 4417 3778 1972 906 1038 883 2499 2231 1561 1297 2320 1713 1628 1913 3507 2650 2881 2964 676 418 1661 2767 1416 2786 1411 984 2706 3613 3036 2982 3185 9953 2767 5560 3045 3275 4248 5675 5180 4773 2509 3443 3388 5199 4153 3045 3995 2909 3045 5515 7378 7373 5301 7924 8070 8038 8229 6072 2691 2935 6406 4292 3863 3964 7341 5908 11977 7475 2189 11489 11238 2101 7315 1194 1512 9132 1740 7056 6422 5908 5502 3787 1358 998 2794 4698 2994 9278 1050 957 3856 4571 1860 5180 6493 6165 
1556 1870 0 1411 1972 1142 1142 1435 812 625 706 2228 1166 2303 1353 1816 1774 2207 1508 1616 1755 1526 1281 1183 4640 3624 2994 5173 5084 2872 2767 5374 4873 3412 2678 2594 2439 3777 3642 3275 2576 3861 3185 3482 3719 4666 3642 4203 4086 1548 2091 2052 3959 3071 3089 2389 2594 1249 1744 1166 1142 1323 9182 1358 4884 2825 1903 3123 4636 3968 3364 1640 2334 2458 4512 3642 2555 3830 2982 3267 5341 7312 7428 5109 6279 6434 6435 6648 4698 820 1160 4989 6152 5292 5800 5993 7448 13516 6187 928 11813 11373 3944 5467 1148 1194 10753 1358 5616 4773 7175 6580 2730 906 1100 928 4646 4218 8190 820 2201 5020 6278 2380 3613 6384 8034 
1353 1996 1411 0 2767 418 1233 580 625 1661 706 1211 1771 1512 519 1508 367 883 259 367 348 116 164 232 3449 2509 1834 4060 3856 1945 1578 4114 3699 2617 2391 2101 2002 2803 2789 2786 1860 3095 2461 3490 3840 5424 4478 4840 4857 2158 2391 3062 4682 3412 4222 3156 2971 2645 2483 2052 2252 2303 8078 2757 6291 4119 1397 2252 3692 3185 2825 519 1453 1397 3324 2349 1211 2439 1578 1874 3971 5934 6032 3741 6052 6191 6135 6311 6019 1834 2389 6288 6029 5852 5341 5352 6490 12487 7522 2332 10403 9977 3964 6231 820 492 11103 259 5088 4577 7876 7411 4140 778 1920 1812 3248 4924 7301 1402 2794 3877 5545 3372 4858 5010 7803 
1661 1166 1972 2767 0 2349 1556 3121 2461 1353 2297 2691 998 2436 2334 1744 3009 3641 2994 2698 3065 2865 2738 2576 4756 3757 3364 5064 5234 2921 3256 5574 4924 3082 1920 2167 2026 3633 3340 2547 2461 3372 2825 2029 2091 2718 1724 2231 2139 625 883 519 1996 1323 1624 418 935 2216 3573 3012 2822 3071 10845 2231 4463 1920 3787 4924 6417 5824 5290 3225 4104 4131 6088 5084 3944 5026 3968 4140 6567 8469 8487 6346 8249 8404 8407 8619 5246 2678 2678 5598 4558 3322 4601 7917 6868 12891 6570 1740 12646 12375 2391 6995 1972 2288 8804 2547 7565 6744 5220 4676 2900 1996 906 2825 5769 2252 10019 1397 418 4989 5414 696 4524 7569 6471 
991 1612 1142 418 2349 0 820 883 519 1281 492 1160 1353 1358 259 1183 706 1297 656 478 734 519 418 259 3536 2544 1888 4104 3968 1870 1649 4248 3777 2499 2101 1860 1740 2767 2698 2563 1689 2973 2311 3156 3490 5010 4060 4432 4441 1740 1996 2650 4268 3025 3816 2738 2576 2391 2491 1996 2133 2228 8497 2499 5971 3741 1689 2645 4101 3573 3168 906 1834 1805 3741 2757 1616 2806 1870 2139 4348 6303 6384 4119 6359 6501 6457 6640 5829 1724 2228 6113 5742 5453 5137 5730 6468 12505 7324 2026 10723 10325 3633 6279 418 116 10739 232 5447 4869 7468 6996 3856 367 1508 1740 3603 4512 7710 991 2380 3937 5431 2957 4711 5381 7548 
418 844 1142 1233 1556 820 0 1673 1100 836 957 1323 591 1255 778 676 1453 2091 1476 1142 1512 1323 1233 1069 3685 2648 2091 4153 4150 1834 1913 4464 3899 2303 1548 1453 1297 2718 2544 2133 1476 2738 2065 2461 2757 4190 3250 3613 3624 935 1194 1913 3449 2231 3095 1931 1771 2216 2844 2279 2285 2458 9298 2303 5515 3134 2439 3461 4921 4385 3944 1724 2645 2625 4537 3528 2389 3490 2461 2671 5036 6962 7007 4812 7080 7227 7196 7389 5689 1945 2288 6002 5109 4640 4670 6531 6342 12419 7147 1740 11262 10926 2937 6603 418 743 9965 998 6231 5578 6649 6179 3528 519 812 2026 4254 3692 8531 418 1561 4022 5138 2201 4682 6052 6964 
1874 2491 1435 580 3121 883 1673 0 676 1870 836 1774 2133 2091 1069 2056 778 844 367 935 676 591 478 625 3898 3009 2334 4537 4278 2504 2075 4512 4153 3185 2957 2678 2576 3340 3348 3366 2439 3663 3036 4035 4373 5824 4846 5273 5250 2544 2865 3346 5088 3899 4463 3528 3443 2555 2052 1713 1982 1972 7786 2671 6264 4256 820 1805 3297 2718 2285 259 984 1038 3082 2216 1183 2480 1834 2158 3946 5917 6060 3714 5486 5627 5578 5759 5773 1578 2167 6020 6599 6311 5921 4858 7003 12966 7281 2346 10490 10000 4512 5730 1297 991 11621 820 4565 4005 8304 7796 4067 1160 2228 1508 3299 5337 6898 1724 3208 4343 6105 3668 4565 4989 8381 
1397 1945 812 625 2461 519 1100 676 0 1194 164 1673 1486 1874 778 1624 991 1397 696 906 957 734 478 418 4020 3045 2380 4605 4441 2389 2133 4711 4265 3016 2552 2346 2216 3283 3217 3051 2201 3490 2825 3549 3856 5173 4184 4640 4596 1903 2285 2671 4441 3322 3787 2872 2853 2026 1972 1486 1649 1724 8462 2139 5695 3602 1353 2466 3968 3364 2865 844 1649 1713 3748 2844 1744 3018 2201 2499 4530 6500 6616 4298 5979 6126 6096 6291 5397 1233 1771 5670 6175 5695 5627 5475 6984 13015 6900 1740 11008 10562 4027 5760 812 625 11060 656 5153 4478 7664 7137 3528 591 1561 1233 3835 4693 7562 1069 2576 4432 5947 2994 4248 5573 8005 
1233 1358 625 1661 1353 1281 836 1870 1194 0 1038 2133 591 2091 1397 1476 1986 2533 1834 1740 2002 1774 1578 1435 4518 3482 2909 4989 4981 2671 2715 5292 4735 3117 2231 2228 2065 3551 3364 2865 2303 3536 2872 2921 3132 4060 3045 3583 3480 935 1512 1486 3346 2461 2594 1771 1986 1397 2323 1744 1640 1860 9656 1476 4732 2461 2461 3642 5151 4518 3951 2026 2832 2907 4935 4000 2870 4086 3134 3382 5627 7584 7664 5397 6903 7057 7056 7267 4857 1397 1578 5173 5587 4669 5322 6580 7148 13227 6311 906 11984 11602 3372 5965 1069 1276 10129 1512 6218 5396 6567 5993 2698 928 478 1526 4884 3603 8733 418 1578 4858 5890 1812 3877 6662 7482 
1276 1801 706 706 2297 492 957 836 164 1038 0 1649 1323 1816 743 1512 1069 1526 820 935 1050 820 580 478 4027 3036 2380 4596 4457 2349 2139 4733 4268 2957 2439 2252 2117 3250 3166 2957 2133 3427 2757 3414 3714 5010 4020 4478 4432 1740 2133 2509 4278 3168 3631 2708 2698 1945 2026 1512 1640 1740 8619 2056 5587 3461 1512 2630 4131 3528 3025 991 1812 1870 3899 2982 1870 3132 2279 2568 4653 6621 6729 4422 6126 6274 6247 6443 5352 1233 1740 5632 6050 5534 5530 5638 6949 12993 6851 1628 11108 10675 3891 5819 706 580 10906 676 5312 4623 7501 6973 3435 464 1397 1255 3946 4530 7726 906 2414 4429 5881 2832 4222 5695 7888 
1044 1578 2228 1211 2691 1160 1323 1774 1673 2133 1649 0 1870 418 906 957 1044 1578 1411 844 1160 1183 1358 1297 2414 1397 778 2953 2865 734 591 3166 2645 1411 1486 1094 1069 1612 1578 1689 734 1888 1276 2645 3045 5036 4222 4377 4514 2091 1982 3134 4306 2832 4306 2982 2491 3443 3641 3156 3285 3388 8481 3541 6837 4432 2563 3156 4417 4073 3872 1628 2461 2279 3777 2708 1713 2447 1353 1467 3946 5800 5801 3735 7137 7267 7190 7348 6918 2881 3364 7215 4989 5273 4178 6247 5312 11345 8399 3009 9977 9684 3089 7419 1094 1069 10267 1038 6055 5695 7356 7023 4829 1323 2117 2900 3123 4518 7958 1724 2533 2794 4334 3382 5838 4916 6694 
844 778 1166 1771 998 1353 591 2133 1486 591 1323 1870 0 1724 1358 1038 2026 2648 1996 1724 2075 1870 1740 1578 4158 3123 2617 4576 4631 2285 2461 4956 4359 2645 1673 1724 1561 3123 2900 2320 1870 3036 2391 2332 2555 3692 2718 3156 3117 418 928 1323 2957 1913 2504 1397 1435 1931 2900 2320 2231 2447 9849 1996 4989 2563 2832 3937 5424 4846 4343 2228 3117 3134 5093 4100 2957 4080 3051 3256 5627 7553 7597 5402 7389 7540 7527 7730 5332 1972 2167 5660 5000 4218 4739 6960 6644 12720 6758 1416 11837 11513 2786 6556 991 1297 9629 1556 6628 5881 6179 5665 3089 998 259 2091 4846 3208 9029 418 1094 4463 5341 1616 4410 6643 6892 
883 1281 2303 1512 2436 1358 1255 2091 1874 2091 1816 418 1724 0 1100 706 1411 1982 1740 1160 1526 1508 1640 1548 2439 1402 928 2900 2909 580 844 3231 2648 1142 1069 676 656 1476 1353 1297 348 1616 957 2228 2630 4669 3889 4000 4158 1870 1661 2909 3946 2447 4060 2691 2133 3461 3840 3324 3412 3541 8883 3551 6713 4254 2900 3558 4835 4481 4254 1975 2844 2678 4190 3121 2129 2832 1740 1816 4306 6126 6105 4101 7514 7647 7576 7738 6939 3025 3461 7248 4589 4873 3830 6657 5151 11214 8401 2994 10211 9958 2671 7632 1160 1249 9849 1297 6457 6060 6960 6648 4777 1416 1982 3065 3476 4150 8375 1673 2231 2767 4073 3132 5906 5256 6316 
836 1486 1353 519 2334 259 778 1069 778 1397 743 906 1358 1100 0 991 676 1323 778 367 743 580 591 464 3297 2297 1649 3856 3735 1612 1416 4022 3536 2240 1888 1624 1512 2509 2439 2323 1435 2715 2056 2973 3322 4946 4022 4348 4385 1713 1888 2678 4203 2900 3856 2706 2466 2594 2750 2252 2380 2483 8526 2698 6122 3835 1888 2767 4190 3701 3340 1038 1972 1903 3764 2750 1612 2730 1740 1986 4278 6218 6281 4052 6556 6696 6644 6823 6050 1975 2466 6339 5530 5347 4894 5870 6210 12250 7540 2201 10587 10214 3449 6538 367 164 10584 259 5607 5074 7382 6939 4035 478 1548 1996 3511 4441 7796 1050 2320 3692 5173 2973 4946 5302 7323 
259 625 1816 1508 1744 1183 676 2056 1624 1476 1512 957 1038 706 991 0 1578 2228 1767 1255 1673 1556 1578 1435 3123 2091 1628 3541 3598 1249 1512 3925 3322 1640 928 778 625 2091 1888 1467 836 2065 1397 1982 2334 4119 3275 3480 3583 1166 1038 2207 3382 1969 3366 2026 1578 2872 3490 2935 2957 3123 9350 2953 6016 3549 2870 3741 5128 4676 4331 2026 2957 2865 4605 3551 2461 3372 2285 2422 4890 6756 6757 4676 7540 7681 7633 7813 6329 2607 2964 6649 4561 4429 4027 6851 5675 11753 7773 2380 10905 10633 2458 7265 812 1069 9601 1249 6596 6052 6493 6113 4119 1050 1297 2678 4073 3603 8719 1069 1578 3425 4463 2439 5347 5869 6381 
1476 2133 1774 367 3009 706 1453 778 991 1986 1069 1044 2026 1411 676 1578 0 656 418 328 116 259 519 591 3134 2231 1556 3764 3528 1755 1297 3777 3388 2447 2391 2056 1982 2568 2594 2708 1755 2921 2320 3528 3899 5616 4698 5010 5058 2389 2544 3340 4873 3536 4512 3382 3117 3012 2794 2391 2607 2645 7850 3123 6649 4446 1526 2179 3551 3113 2844 591 1435 1297 3089 2075 935 2101 1211 1508 3642 5598 5685 3414 6103 6236 6165 6330 6381 2189 2750 6648 5993 5993 5221 5292 6225 12194 7885 2691 10043 9628 3995 6505 1038 734 11166 478 5064 4653 8040 7610 4505 1069 2201 2158 2902 5109 7148 1689 2994 3573 5347 3641 5214 4676 7727 
2133 2789 2207 883 3641 1297 2091 844 1397 2533 1526 1578 2648 1982 1323 2228 656 0 706 984 580 778 957 1100 3269 2504 1870 3946 3603 2216 1628 3805 3528 2909 3009 2650 2594 2921 3016 3267 2311 3366 2822 4158 4537 6268 5341 5665 5708 3025 3200 3946 5526 4190 5105 4022 3773 3382 2832 2544 2825 2803 7207 3497 7080 4983 1255 1578 2900 2499 2323 591 935 706 2447 1467 348 1640 1069 1397 3134 5105 5232 2902 5587 5714 5627 5779 6613 2422 3012 6855 6567 6649 5714 4676 6463 12334 8121 3134 9650 9176 4620 6380 1673 1353 11798 1094 4478 4178 8696 8261 4894 1661 2803 2349 2461 5763 6493 2285 3642 3735 5726 4254 5396 4178 8259 
1612 2252 1508 259 2994 656 1476 367 696 1834 820 1411 1996 1740 778 1767 418 706 0 580 328 232 259 418 3551 2648 1972 4182 3941 2139 1713 4184 3805 2822 2645 2346 2252 2973 2982 3025 2088 3299 2678 3748 4100 5665 4711 5088 5096 2391 2645 3269 4924 3668 4417 3388 3225 2708 2380 1996 2231 2252 7858 2822 6389 4278 1160 1996 3445 2928 2568 259 1194 1148 3113 2167 1050 2323 1556 1870 3835 5805 5921 3603 5801 5939 5881 6055 6020 1816 2391 6278 6279 6105 5569 5093 6640 12612 7527 2436 10319 9866 4222 6088 1069 743 11362 519 4829 4331 8124 7650 4216 998 2129 1771 3141 5168 7054 1612 3036 3991 5739 3583 4835 4878 8045 
1148 1805 1616 367 2698 478 1142 935 906 1740 935 844 1724 1160 367 1255 328 984 580 0 418 348 519 492 3117 2158 1486 3714 3536 1578 1233 3805 3364 2252 2091 1774 1689 2439 2422 2447 1508 2730 2101 3217 3583 5290 4377 4682 4733 2075 2216 3045 4548 3208 4222 3065 2789 2865 2832 2380 2555 2625 8173 2973 6447 4190 1740 2491 3877 3425 3123 820 1724 1612 3412 2389 1255 2366 1397 1661 3913 5857 5926 3687 6371 6506 6443 6613 6288 2139 2671 6566 5712 5665 4989 5603 6129 12136 7786 2504 10250 9863 3687 6592 734 464 10850 259 5364 4906 7712 7285 4334 812 1913 2133 3151 4783 7475 1411 2671 3536 5179 3340 5151 4939 7468 
1561 2216 1755 348 3065 734 1512 676 957 2002 1050 1160 2075 1526 743 1673 116 580 328 418 0 232 478 580 3225 2334 1661 3861 3613 1870 1402 3856 3480 2563 2499 2167 2091 2678 2708 2822 1870 3036 2436 3631 4000 5689 4762 5088 5128 2447 2625 3382 4946 3624 4549 3443 3200 2982 2708 2320 2547 2576 7786 3095 6637 4463 1411 2075 3461 3009 2730 478 1323 1194 3025 2026 883 2091 1249 1556 3626 5587 5684 3396 5988 6122 6052 6218 6329 2129 2698 6592 6105 6079 5337 5188 6329 12290 7835 2678 10057 9629 4100 6406 1094 778 11267 519 4956 4537 8121 7681 4482 1100 2240 2091 2900 5184 7062 1724 3062 3668 5461 3687 5153 4663 7842 
1416 2065 1526 116 2865 519 1323 591 734 1774 820 1183 1870 1508 580 1556 259 778 232 348 232 0 259 348 3372 2447 1771 3991 3773 1913 1512 4027 3624 2594 2422 2117 2026 2757 2757 2794 1856 3071 2447 3534 3891 5511 4571 4921 4946 2252 2466 3168 4769 3480 4331 3250 3045 2757 2555 2139 2349 2391 7980 2870 6406 4234 1392 2189 3613 3123 2789 478 1402 1323 3223 2240 1100 2323 1467 1767 3856 5819 5916 3626 6029 6165 6105 6278 6122 1931 2491 6388 6052 5926 5337 5295 6435 12421 7626 2447 10287 9861 4007 6288 906 580 11157 328 5042 4561 7957 7501 4254 883 2026 1903 3132 5010 7220 1508 2881 3805 5515 3476 4956 4894 7814 
1402 2029 1281 164 2738 418 1233 478 478 1578 580 1358 1740 1640 591 1578 519 957 259 519 478 259 0 164 3613 2671 1996 4222 4020 2091 1740 4278 3863 2757 2480 2207 2101 2957 2935 2900 1986 3236 2594 3558 3899 5416 4457 4846 4846 2139 2414 3009 4676 3443 4158 3134 2994 2504 2320 1888 2091 2139 8117 2617 6165 4027 1297 2228 3692 3156 2757 492 1416 1397 3372 2422 1297 2552 1724 2026 4075 6042 6149 3844 5965 6105 6055 6236 5862 1673 2231 6129 6122 5870 5463 5312 6648 12649 7367 2207 10532 10095 4035 6073 836 519 11154 348 5032 4482 7881 7399 4005 743 1870 1649 3366 4921 7301 1353 2789 4040 5689 3324 4698 5116 7909 
1249 1870 1183 232 2576 259 1069 625 418 1435 478 1297 1578 1548 464 1435 591 1100 418 492 580 348 164 0 3609 2645 1975 4203 4027 2026 1724 4294 3856 2678 2346 2088 1975 2907 2865 2786 1888 3156 2504 3412 3748 5252 4294 4682 4682 1975 2252 2853 4512 3283 4007 2971 2832 2422 2349 1888 2065 2133 8276 2533 6060 3891 1435 2391 3856 3318 2909 656 1578 1561 3528 2568 1435 2671 1801 2091 4202 6165 6264 3971 6105 6247 6200 6383 5814 1649 2189 6088 5988 5708 5356 5472 6605 12622 7315 2101 10633 10209 3889 6122 676 367 10998 259 5188 4618 7717 7235 3913 580 1713 1640 3480 4757 7465 1194 2625 4027 5613 3166 4666 5241 7786 
3322 3602 4640 3449 4756 3536 3685 3898 4020 4518 4027 2414 4158 2439 3297 3123 3134 3269 3551 3117 3225 3372 3613 3609 0 1038 1649 706 478 1874 1888 820 259 1740 2909 2594 2730 1160 1512 2447 2311 1689 1975 3663 4052 6465 5917 5759 6060 4256 3891 5261 5829 4298 6350 4921 4182 5855 5926 5496 5665 5742 8204 5952 9138 6644 4518 4530 5225 5252 5402 3668 4158 3856 4216 3366 3123 2671 2240 1945 3425 4693 4505 3322 8532 8634 8497 8597 9332 5252 5763 9629 4840 6346 3480 7200 3236 9075 10810 5411 8105 8034 3889 9620 3507 3461 10417 3364 7196 7260 8379 8302 7213 3735 4417 5250 2715 5971 8256 4101 4463 478 2900 5437 8243 4027 6029 
2285 2594 3624 2509 3757 2544 2648 3009 3045 3482 3036 1397 3123 1402 2297 2091 2231 2504 2648 2158 2334 2447 2671 2645 1038 0 676 1561 1508 844 935 1834 1255 935 1986 1624 1744 519 820 1661 1297 1160 1100 2909 3322 5657 5022 4956 5210 3236 2909 4254 4983 3435 5367 3951 3256 4828 4989 4530 4676 4769 8392 4923 8108 5627 3707 3946 4895 4769 4779 2803 3435 3166 4007 3012 2447 2439 1628 1435 3609 5194 5088 3449 8005 8120 8007 8133 8307 4268 4760 8607 4601 5656 3449 6848 3995 9979 9781 4377 8969 8808 3223 8734 2483 2461 10129 2391 6764 6649 7731 7562 6175 2718 3382 4278 2794 5149 8197 3065 3488 1397 3250 4446 7235 4410 6055 
1774 2207 2994 1834 3364 1888 2091 2334 2380 2909 2380 778 2617 928 1649 1628 1556 1870 1972 1486 1661 1771 1996 1975 1649 676 0 2228 2091 580 259 2389 1888 1142 1816 1402 1467 1050 1183 1724 991 1548 1160 2900 3318 5515 4783 4829 5026 2794 2576 3835 4807 3275 4988 3613 3012 4218 4315 3863 4020 4104 8202 4317 7600 5168 3045 3372 4440 4234 4178 2133 2806 2555 3641 2594 1860 2139 1142 1069 3507 5256 5211 3318 7428 7548 7447 7584 7689 3609 4114 7983 4928 5632 3913 6359 4669 10653 9173 3787 9283 9040 3285 8058 1870 1812 10371 1724 6236 6042 7722 7471 5607 2091 2870 3613 2671 4997 7858 2499 3151 2052 3856 4060 6595 4410 6501 
3764 3946 5173 4060 5064 4104 4153 4537 4605 4989 4596 2953 4576 2900 3856 3541 3764 3946 4182 3714 3861 3991 4222 4203 706 1561 2228 0 676 2320 2483 906 464 1982 3156 2909 3062 1453 1724 2594 2706 1755 2240 3712 4067 6505 6060 5805 6149 4618 4182 5580 5917 4432 6613 5179 4391 6359 6542 6090 6236 6329 8734 6450 9505 6979 5188 5234 5917 5957 6105 4317 4847 4549 4894 4067 3816 3364 2935 2645 4007 5088 4846 3925 9237 9339 9200 9298 9838 5829 6316 10145 4478 6279 3036 7891 2533 8430 11300 5893 8131 8165 3856 10267 4027 4020 10028 3951 7896 7964 8256 8259 7660 4268 4835 5838 3348 6033 8878 4571 4733 232 2285 5723 8786 4505 5502 
3793 4080 5084 3856 5234 3968 4150 4278 4441 4981 4457 2865 4631 2909 3735 3598 3528 3603 3941 3536 3613 3773 4020 4027 478 1508 2091 676 0 2349 2320 348 367 2207 3382 3071 3208 1628 1972 2902 2789 2117 2447 4101 4482 6907 6380 6201 6513 4733 4368 5739 6281 4757 6827 5397 4653 6308 6321 5908 6090 6157 8058 6406 9613 7122 4858 4769 5341 5437 5650 4040 4463 4150 4294 3528 3425 2806 2547 2231 3340 4429 4203 3267 8715 8811 8662 8749 9781 5675 6196 10073 5109 6756 3692 7309 3036 8734 11263 5870 7667 7631 4305 9979 3959 3898 10675 3787 7341 7489 8771 8722 7678 4182 4890 5665 2708 6418 8222 4565 4939 492 2957 5915 8678 3830 6177 
1453 1755 2872 1945 2921 1870 1834 2504 2389 2671 2349 734 2285 580 1612 1249 1755 2216 2139 1578 1870 1913 2091 2026 1874 844 580 2320 2349 0 676 2678 2075 696 1249 844 935 906 844 1160 464 1166 625 2320 2738 4956 4254 4265 4478 2391 2088 3414 4256 2715 4537 3132 2480 4040 4360 3861 3968 4086 8777 4131 7265 4783 3281 3777 4935 4670 4537 2346 3134 2921 4182 3123 2279 2708 1673 1640 4086 5819 5759 3898 7803 7930 7842 7991 7519 3573 4027 7827 4417 5054 3497 6823 4601 10652 8981 3573 9761 9556 2708 8145 1724 1771 9817 1767 6669 6381 7144 6903 5352 1975 2544 3603 3250 4440 8399 2252 2668 2189 3602 3613 6480 4981 6052 
1628 2117 2767 1578 3256 1649 1913 2075 2133 2715 2139 591 2461 844 1416 1512 1297 1628 1713 1233 1402 1512 1740 1724 1888 935 259 2483 2320 676 0 2607 2133 1323 1834 1416 1453 1297 1397 1834 998 1755 1297 2957 3372 5501 4733 4825 4997 2668 2504 3712 4783 3269 4878 3528 2973 4000 4060 3613 3777 3856 8124 4101 7428 5022 2789 3151 4265 4027 3944 1874 2563 2320 3507 2447 1640 2052 998 998 3482 5283 5261 3283 7200 7323 7226 7367 7465 3364 3877 7755 5088 5664 4119 6167 4928 10910 8952 3581 9396 9122 3364 7799 1661 1578 10491 1476 6029 5805 7755 7472 5407 1870 2708 3364 2648 4983 7722 2311 3071 2303 4101 3951 6359 4417 6696 
4114 4417 5374 4114 5574 4248 4464 4512 4711 5292 4733 3166 4956 3231 4022 3925 3777 3805 4184 3805 3856 4027 4278 4294 820 1834 2389 906 348 2678 2607 0 706 2555 3728 3414 3549 1975 2320 3250 3123 2461 2794 4446 4825 7252 6728 6547 6860 5067 4711 6078 6628 5105 7170 5742 5000 6605 6562 6165 6359 6417 7888 6705 9942 7457 5058 4890 5367 5515 5773 4268 4636 4317 4298 3602 3603 2870 2738 2414 3236 4190 3941 3185 8782 8872 8715 8793 10071 5942 6473 10360 5382 7091 3941 7323 3016 8564 11559 6175 7325 7304 4643 10185 4259 4182 10934 4060 7382 7593 9098 9060 7990 4476 5214 5926 2671 6764 8131 4878 5283 778 3123 6256 8955 3641 6380 
3528 3778 4873 3699 4924 3777 3899 4153 4265 4735 4268 2645 4359 2648 3536 3322 3388 3528 3805 3364 3480 3624 3863 3856 259 1255 1888 464 367 2075 2133 706 0 1870 3051 2757 2900 1297 1628 2552 2499 1755 2117 3741 4119 6547 6033 5842 6158 4440 4052 5433 5926 4408 6506 5074 4317 6082 6179 5744 5908 5988 8337 6177 9328 6823 4777 4783 5453 5496 5657 3925 4417 4114 4432 3603 3382 2900 2499 2201 3581 4760 4548 3490 8777 8878 8738 8835 9561 5496 6002 9860 4769 6389 3372 7428 2982 8817 11035 5632 8031 7998 3939 9877 3735 3699 10340 3609 7432 7512 8404 8356 7425 3968 4618 5496 2900 6060 8437 4317 4618 232 2715 5599 8481 4131 5890 
1888 1972 3412 2617 3082 2499 2303 3185 3016 3117 2957 1411 2645 1142 2240 1640 2447 2909 2822 2252 2563 2594 2757 2678 1740 935 1142 1982 2207 696 1323 2555 1870 0 1183 935 1094 580 259 734 836 478 259 1982 2391 4756 4178 4052 4331 2648 2201 3598 4101 2563 4643 3208 2447 4512 4983 4463 4537 4676 9278 4593 7527 4997 3971 4463 5580 5347 5232 3036 3830 3613 4777 3735 2957 3250 2285 2189 4518 6129 6020 4348 8497 8622 8532 8678 7967 4158 4571 8288 3787 4723 2806 7489 4040 10116 9402 4020 9827 9707 2288 8775 2288 2391 9258 2422 7348 7077 6797 6640 5731 2547 2900 4203 3692 4254 8993 2708 2757 1913 2935 3744 6984 5341 5374 
1166 906 2678 2391 1920 2101 1548 2957 2552 2231 2439 1486 1673 1069 1888 928 2391 3009 2645 2091 2499 2422 2480 2346 2909 1986 1816 3156 3382 1249 1834 3728 3051 1183 0 418 418 1755 1435 656 836 1453 935 1160 1561 3707 3036 3016 3236 1561 1038 2439 3012 1467 3461 2026 1276 3603 4391 3826 3816 4000 9942 3668 6381 3840 3777 4570 5890 5501 5211 2900 3816 3687 5260 4190 3185 3877 2794 2832 5312 7067 7007 5116 8443 8582 8526 8700 6976 3490 3793 7312 3642 3830 3123 7681 5010 11074 8373 3089 10954 10784 1612 8145 1740 1986 8793 2139 7454 6962 5921 5656 4682 1975 1903 3573 4476 3192 9442 1874 1578 3095 3668 2568 6082 6225 5453 
1038 1038 2594 2101 2167 1860 1453 2678 2346 2228 2252 1094 1724 676 1624 778 2056 2650 2346 1774 2167 2117 2207 2088 2594 1624 1402 2909 3071 844 1416 3414 2757 935 418 0 164 1467 1194 706 418 1312 676 1561 1969 4114 3414 3427 3633 1713 1297 2678 3412 1874 3757 2332 1640 3624 4256 3707 3735 3899 9528 3699 6596 4073 3497 4222 5511 5149 4895 2594 3490 3340 4857 3787 2806 3461 2380 2414 4894 6657 6603 4698 8145 8281 8216 8384 7056 3382 3741 7382 3939 4248 3281 7326 4924 11002 8481 3121 10587 10397 1996 8038 1548 1744 9173 1860 7117 6677 6339 6070 4802 1801 1975 3449 4058 3598 9049 1834 1870 2825 3685 2844 6105 5810 5703 
883 883 2439 2002 2026 1740 1297 2576 2216 2065 2117 1069 1561 656 1512 625 1982 2594 2252 1689 2091 2026 2101 1975 2730 1744 1467 3062 3208 935 1453 3549 2900 1094 418 164 0 1616 1353 844 478 1476 836 1578 1975 4052 3322 3372 3558 1556 1166 2533 3340 1816 3626 2207 1548 3461 4111 3558 3581 3748 9537 3536 6443 3925 3396 4158 5472 5088 4812 2504 3412 3275 4846 3777 2767 3480 2391 2447 4935 6721 6678 4735 8053 8191 8131 8302 6892 3231 3583 7218 4027 4222 3414 7267 5088 11166 8317 2957 10695 10490 2029 7889 1411 1624 9211 1755 7046 6579 6311 6019 4640 1661 1812 3301 4101 3534 9025 1673 1744 2973 3842 2708 5942 5866 5810 
2320 2499 3777 2803 3633 2767 2718 3340 3283 3551 3250 1612 3123 1476 2509 2091 2568 2921 2973 2439 2678 2757 2957 2907 1160 519 1050 1453 1628 906 1297 1975 1297 580 1755 1467 1616 0 367 1297 1255 656 820 2533 2935 5323 4757 4618 4906 3168 2757 4145 4676 3141 5210 3777 3025 4932 5252 4762 4873 4989 8897 5020 8058 5540 4080 4410 5402 5252 5225 3156 3856 3603 4524 3522 2900 2957 2117 1945 4104 5632 5500 3951 8469 8587 8481 8612 8407 4478 4932 8719 4086 5256 2935 7348 3701 9747 9860 4457 9252 9146 2803 9028 2630 2671 9625 2648 7252 7091 7316 7190 6210 2881 3382 4505 3297 4825 8715 3134 3322 1358 2806 4305 7382 4873 5540 
2133 2231 3642 2789 3340 2698 2544 3348 3217 3364 3166 1578 2900 1353 2439 1888 2594 3016 2982 2422 2708 2757 2935 2865 1512 820 1183 1724 1972 844 1397 2320 1628 259 1435 1194 1353 367 0 935 1069 367 519 2167 2568 4960 4408 4254 4548 2907 2458 3856 4317 2786 4895 3461 2691 4757 5188 4676 4762 4894 9210 4840 7786 5256 4119 4548 5613 5416 5337 3185 3946 3714 4773 3748 3036 3223 2311 2179 4429 5988 5862 4268 8597 8719 8622 8762 8217 4377 4802 8537 3800 4890 2730 7540 3805 9877 9656 4268 9613 9513 2439 8977 2509 2594 9313 2607 7419 7193 6952 6823 5987 2767 3156 4417 3613 4463 8980 2953 3012 1661 2757 4000 7226 5220 5322 
1724 1561 3275 2786 2547 2563 2133 3366 3051 2865 2957 1689 2320 1297 2323 1467 2708 3267 3025 2447 2822 2794 2900 2786 2447 1661 1724 2594 2902 1160 1834 3250 2552 734 656 706 844 1297 935 0 957 844 580 1249 1661 4027 3482 3322 3613 2216 1673 3065 3382 1856 4035 2607 1801 4248 4956 4402 4417 4589 9925 4315 7008 4463 4182 4844 6070 5759 5551 3267 4140 3968 5341 4279 3382 3863 2832 2794 5199 6851 6749 5020 8811 8944 8872 9034 7632 4073 4410 7967 3301 3995 2576 7929 4354 10417 9029 3735 10548 10439 1578 8732 2252 2447 8657 2552 7744 7353 6073 5907 5337 2504 2555 4145 4367 3528 9556 2491 2179 2563 3025 3168 6729 6050 5022 
1069 1297 2576 1860 2461 1689 1476 2439 2201 2303 2133 734 1870 348 1435 836 1755 2311 2088 1508 1870 1856 1986 1888 2311 1297 991 2706 2789 464 998 3123 2499 836 836 418 478 1255 1069 957 0 1297 625 1969 2380 4524 3800 3840 4035 1945 1624 2957 3816 2285 4075 2668 2026 3692 4158 3631 3701 3842 9114 3777 6829 4334 3248 3889 5138 4807 4596 2323 3185 3012 4457 3388 2439 3045 1969 1996 4476 6247 6200 4279 7858 7991 7917 8078 7159 3324 3735 7475 4256 4666 3482 6979 4873 10946 8607 3208 10224 10012 2391 7951 1453 1578 9556 1640 6789 6406 6757 6485 4956 1713 2129 3372 3641 4007 8657 1888 2204 2594 3748 3151 6157 5396 5971 
2320 2320 3861 3095 3372 2973 2738 3663 3490 3536 3427 1888 3036 1616 2715 2065 2921 3366 3299 2730 3036 3071 3236 3156 1689 1160 1548 1755 2117 1166 1755 2461 1755 478 1453 1312 1476 656 367 844 1297 0 676 1986 2366 4791 4306 4086 4410 2994 2491 3891 4178 2678 4879 3449 2645 4932 5453 4928 4993 5138 9550 5010 7834 5292 4446 4906 5979 5779 5689 3511 4292 4067 5137 4114 3396 3583 2678 2544 4760 6274 6129 4605 8951 9075 8980 9122 8368 4620 5019 8695 3443 4659 2366 7906 3613 9691 9789 4432 9784 9723 2201 9246 2750 2865 8971 2900 7782 7540 6702 6613 6105 3009 3285 4669 3951 4306 9341 3134 3016 1740 2458 4007 7411 5526 4956 
1649 1713 3185 2461 2825 2311 2065 3036 2825 2872 2757 1276 2391 957 2056 1397 2320 2822 2678 2101 2436 2447 2594 2504 1975 1100 1160 2240 2447 625 1297 2794 2117 259 935 676 836 820 519 580 625 676 0 1816 2231 4558 3951 3856 4119 2389 1945 3340 3891 2346 4391 2957 2207 4268 4783 4254 4317 4463 9352 4348 7267 4739 3835 4391 5560 5290 5137 2902 3728 3528 4795 3741 2900 3297 2288 2228 4620 6278 6184 4441 8403 8532 8449 8601 7717 3944 4343 8040 3793 4565 2902 7447 4278 10356 9149 3773 10043 9904 2158 8575 2075 2201 9211 2252 7287 6969 6648 6463 5475 2334 2645 3995 3787 4052 9013 2466 2504 2167 3123 3490 6744 5472 5437 
2167 1628 3482 3490 2029 3156 2461 4035 3549 2921 3414 2645 2332 2228 2973 1982 3528 4158 3748 3217 3631 3534 3558 3412 3663 2909 2900 3712 4101 2320 2957 4446 3741 1982 1160 1561 1578 2533 2167 1249 1969 1986 1816 0 418 2806 2391 2101 2439 2026 1411 2483 2207 836 3185 1888 1094 4145 5225 4646 4561 4779 11081 4182 6288 3777 4844 5706 7046 6640 6313 4007 4935 4825 6417 5347 4343 5010 3937 3951 6405 8093 7997 6218 9513 9656 9612 9794 7271 4298 4482 7625 2671 2750 2576 8819 5036 10961 8570 3633 11766 11680 478 8872 2757 3045 7640 3231 8575 8018 4835 4659 4923 2957 2480 4410 5569 2323 10602 2668 1612 3719 3480 2461 6538 7281 4561 
2499 1913 3719 3840 2091 3490 2757 4373 3856 3132 3714 3045 2555 2630 3322 2334 3899 4537 4100 3583 4000 3891 3899 3748 4052 3322 3318 4067 4482 2738 3372 4825 4119 2391 1561 1969 1975 2935 2568 1661 2380 2366 2231 418 0 2439 2133 1740 2117 2207 1628 2491 1888 778 3045 1870 1183 4278 5453 4873 4762 4989 11494 4305 6165 3699 5173 6073 7432 7008 6657 4359 5292 5194 6820 5751 4733 5424 4348 4367 6823 8509 8410 6635 9833 9979 9942 10129 7281 4525 4663 7640 2480 2334 2625 9185 5242 11090 8538 3777 12150 12078 328 9040 3082 3382 7267 3581 8928 8333 4417 4256 4935 3267 2671 4646 5987 1975 10998 2921 1689 4086 3641 2414 6613 7699 4391 
4153 3507 4666 5424 2718 5010 4190 5824 5173 4060 5010 5036 3692 4669 4946 4119 5616 6268 5665 5290 5689 5511 5416 5252 6465 5657 5515 6505 6907 4956 5501 7252 6547 4756 3707 4114 4052 5323 4960 4027 4524 4791 4558 2806 2439 0 1038 706 580 3281 3089 2648 743 2240 2091 2303 2547 4549 6125 5603 5347 5607 13458 4512 4722 2900 6505 7629 9108 8537 8007 5908 6809 6812 8700 7660 6542 7482 6388 6485 8975 10771 10714 8769 10906 11064 11081 11300 6506 5295 5149 6870 3714 991 4631 10635 7489 13051 7454 4205 14570 14461 2671 9108 4605 4932 6350 5184 10278 9410 2509 1996 4408 4676 3624 5453 8145 519 12716 4104 2630 6522 5834 2334 6264 9917 5362 
3269 2650 3642 4478 1724 4060 3250 4846 4184 3045 4020 4222 2718 3889 4022 3275 4698 5341 4711 4377 4762 4571 4457 4294 5917 5022 4783 6060 6380 4254 4733 6728 6033 4178 3036 3414 3322 4757 4408 3482 3800 4306 3951 2391 2133 1038 0 844 478 2320 2240 1612 478 1628 1211 1323 1774 3522 5088 4565 4311 4570 12547 3490 4203 2026 5501 6649 8141 7546 6996 4946 5829 5852 7786 6764 5632 6643 5560 5689 8165 10014 9991 7951 9870 10028 10047 10267 5723 4259 4114 6090 4060 1860 4666 9625 7373 13162 6797 3168 13989 13810 2439 8141 3668 3991 7348 4248 9258 8375 3541 2953 3511 3714 2625 4417 7346 696 11744 3121 1713 6042 5759 1297 5356 9138 5870 
3536 2881 4203 4840 2231 4432 3613 5273 4640 3583 4478 4377 3156 4000 4348 3480 5010 5665 5088 4682 5088 4921 4846 4682 5759 4956 4829 5805 6201 4265 4825 6547 5842 4052 3016 3427 3372 4618 4254 3322 3840 4086 3856 2101 1740 706 844 0 492 2738 2466 2279 367 1556 2056 1816 1903 4254 5759 5214 4989 5246 12830 4234 4989 2870 5987 7071 8532 7991 7498 5337 6253 6236 8080 7030 5926 6824 5730 5814 8304 10083 10020 8101 10479 10635 10638 10850 6567 4890 4812 6934 3285 1100 4047 10115 6860 12518 7626 3856 13864 13758 1986 8939 4020 4348 6613 4593 9781 8975 3036 2648 4348 4114 3123 5042 7472 259 12141 3573 2065 5819 5214 2002 6187 9236 5054 
3603 2964 4086 4857 2139 4441 3624 5250 4596 3480 4432 4514 3117 4158 4385 3583 5058 5708 5096 4733 5128 4946 4846 4682 6060 5210 5026 6149 6513 4478 4997 6860 6158 4331 3236 3633 3558 4906 4548 3613 4035 4410 4119 2439 2117 580 478 492 0 2708 2547 2075 232 1774 1640 1724 2026 4000 5560 5032 4783 5042 12905 3968 4505 2461 5926 7054 8537 7960 7428 5337 6234 6242 8145 7110 5987 6953 5862 5971 8458 10278 10235 8249 10332 10490 10504 10723 6135 4722 4589 6501 3777 1392 4518 10055 7304 12999 7162 3641 14158 14016 2391 8612 4040 4367 6870 4620 9698 8834 3089 2555 3959 4104 3045 4879 7632 259 12144 3528 2065 6149 5666 1767 5810 9414 5534 
1050 676 1548 2158 625 1740 935 2544 1903 935 1740 2091 418 1870 1713 1166 2389 3025 2391 2075 2447 2252 2139 1975 4256 3236 2794 4618 4733 2391 2668 5067 4440 2648 1561 1713 1556 3168 2907 2216 1945 2994 2389 2026 2207 3281 2320 2738 2708 0 625 1044 2544 1526 2216 998 1050 2133 3256 2678 2555 2784 10232 2179 4890 2391 3250 4348 5829 5260 4762 2630 3528 3536 5472 4463 3324 4402 3348 3528 5944 7851 7876 5723 7799 7951 7940 8145 5424 2332 2461 5763 4676 3800 4514 7378 6570 12632 6812 1616 12064 11773 2461 6848 1353 1673 9220 1931 7046 6291 5763 5260 3121 1397 464 2461 5149 2794 9436 836 676 4524 5199 1297 4576 6949 6579 
1069 418 2091 2391 883 1996 1194 2865 2285 1512 2133 1982 928 1661 1888 1038 2544 3200 2645 2216 2625 2466 2414 2252 3891 2909 2576 4182 4368 2088 2504 4711 4052 2201 1038 1297 1166 2757 2458 1673 1624 2491 1945 1411 1628 3089 2240 2466 2547 625 0 1402 2349 1038 2461 1044 580 2757 3828 3248 3151 3372 10371 2803 5344 2803 3631 4640 6079 5569 5138 2900 3830 3787 5616 4571 3461 4410 3322 3449 5925 7778 7765 5712 8256 8404 8379 8575 6015 2900 3071 6359 4075 3461 3891 7722 6015 12060 7382 2240 11846 11615 1860 7462 1578 1903 8775 2139 7425 6750 5496 5084 3692 1713 1069 3018 5105 2576 9684 1297 580 4111 4605 1548 5194 6898 5971 
2091 1661 2052 3062 519 2650 1913 3346 2671 1486 2509 3134 1323 2909 2678 2207 3340 3946 3269 3045 3382 3168 3009 2853 5261 4254 3835 5580 5739 3414 3712 6078 5433 3598 2439 2678 2533 4145 3856 3065 2957 3891 3340 2483 2491 2648 1612 2279 2075 1044 1402 0 1982 1713 1183 625 1397 1986 3490 2957 2715 2973 11122 1975 3944 1402 3941 5128 6635 6002 5416 3482 4315 4377 6381 5407 4265 5402 4368 4561 6949 8872 8908 6725 8259 8417 8435 8657 4795 2648 2533 5153 4916 3378 5058 8045 7378 13390 6090 1578 13108 12813 2806 6732 2311 2607 8892 2865 7664 6764 5153 4530 2447 2285 1142 2806 6165 2240 10219 1661 906 5502 5908 328 4145 7964 6823 
3412 2767 3959 4682 1996 4268 3449 5088 4441 3346 4278 4306 2957 3946 4203 3382 4873 5526 4924 4548 4946 4769 4676 4512 5829 4983 4807 5917 6281 4256 4783 6628 5926 4101 3012 3412 3340 4676 4317 3382 3816 4178 3891 2207 1888 743 478 367 232 2544 2349 1982 0 1548 1689 1578 1816 3939 5472 4935 4698 4956 12716 3913 4640 2504 5779 6892 8368 7803 7285 5168 6072 6072 7958 6918 5800 6749 5657 5760 8249 10061 10014 8041 10222 10379 10388 10604 6200 4618 4512 6567 3624 1411 4317 9910 7087 12805 7263 3558 13928 13790 2167 8597 3863 4190 6921 4441 9561 8721 3225 2738 3986 3937 2900 4773 7421 259 11977 3372 1888 5917 5453 1689 5829 9200 5411 
2065 1416 3071 3412 1323 3025 2231 3899 3322 2461 3168 2832 1913 2447 2900 1969 3536 4190 3668 3208 3624 3480 3443 3283 4298 3435 3275 4432 4757 2715 3269 5105 4408 2563 1467 1874 1816 3141 2786 1856 2285 2678 2346 836 778 2240 1628 1556 1774 1526 1038 1713 1548 0 2349 1094 478 3528 4779 4202 4062 4298 11304 3549 5453 2953 4669 5664 7085 6596 6175 3925 4858 4802 6570 5511 4429 5276 4182 4259 6749 8531 8474 6547 9287 9436 9414 9611 6505 3856 3946 6864 3236 2461 3372 8755 5870 11794 7773 3036 12388 12242 1094 8302 2607 2928 7738 3156 8462 7780 4530 4203 4158 2750 1986 3986 5916 1724 10683 2311 935 4414 4315 1649 5838 7681 5149 
3267 2786 3089 4222 1624 3816 3095 4463 3787 2594 3631 4306 2504 4060 3856 3366 4512 5105 4417 4222 4549 4331 4158 4007 6350 5367 4988 6613 6827 4537 4878 7170 6506 4643 3461 3757 3626 5210 4895 4035 4075 4879 4391 3185 3045 2091 1211 2056 1640 2216 2461 1183 1689 2349 0 1435 2240 2607 4248 3787 3480 3735 12248 2547 3121 820 4989 6210 7722 7053 6417 4618 5411 5500 7527 6571 5431 6583 5551 5742 8131 10055 10089 7906 9075 9237 9280 9513 4512 3528 3250 4879 5214 3025 5665 9029 8216 14132 5611 2380 14270 13989 3372 7022 3490 3778 8432 4035 8613 7610 4440 3685 2323 3449 2311 3692 7348 1888 11275 2825 1888 6556 6662 928 4178 9147 7056 
1982 1411 2389 3156 418 2738 1931 3528 2872 1771 2708 2982 1397 2691 2706 2026 3382 4022 3388 3065 3443 3250 3134 2971 4921 3951 3613 5179 5397 3132 3528 5742 5074 3208 2026 2332 2207 3777 3461 2607 2668 3449 2957 1888 1870 2303 1323 1816 1724 998 1044 625 1578 1094 1435 0 836 2552 3968 3412 3208 3461 11229 2555 4440 1903 4203 5332 6820 6236 5708 3624 4512 4530 6468 5453 4317 5364 4292 4446 6898 8780 8782 6680 8664 8819 8823 9036 5411 3082 3051 5770 4292 2909 4457 8333 6853 12834 6685 2101 12889 12648 2189 7323 2349 2671 8401 2928 7983 7159 4802 4268 3065 2391 1323 3231 6090 1834 10425 1805 464 5121 5347 580 4769 7889 6200 
1640 984 2594 2971 935 2576 1771 3443 2853 1986 2698 2491 1435 2133 2466 1578 3117 3773 3225 2789 3200 3045 2994 2832 4182 3256 3012 4391 4653 2480 2973 5000 4317 2447 1276 1640 1548 3025 2691 1801 2026 2645 2207 1094 1183 2547 1774 1903 2026 1050 580 1397 1816 478 2240 836 0 3095 4306 3728 3596 3830 10927 3123 5276 2738 4203 5220 6657 6149 5712 3480 4410 4367 6179 5128 4027 4935 3842 3946 6434 8256 8222 6225 8811 8961 8941 9140 6177 3382 3488 6531 3663 2881 3668 8301 6016 12004 7486 2594 12225 12036 1467 7858 2158 2483 8210 2718 8000 7304 4924 4537 3830 2288 1512 3511 5607 2029 10261 1834 519 4348 4518 1416 5453 7389 5574 
2625 2706 1249 2645 2216 2391 2216 2555 2026 1397 1945 3443 1931 3461 2594 2872 3012 3382 2708 2865 2982 2757 2504 2422 5855 4828 4218 6359 6308 4040 4000 6605 6082 4512 3603 3624 3461 4932 4757 4248 3692 4932 4268 4145 4278 4549 3522 4254 4000 2133 2757 1986 3939 3528 2607 2552 3095 0 1649 1255 906 1148 10061 116 3714 2052 2757 4000 5472 4723 4000 2794 3299 3497 5530 4757 3728 5022 4222 4512 6500 8471 8612 6268 6473 6635 6685 6921 3480 1100 656 3787 6757 5347 6643 6542 8545 14623 4956 519 13026 12554 4558 4779 2349 2439 10860 2607 6090 5020 7008 6288 1512 2129 1713 1249 5842 4192 8893 1805 2594 6218 7271 2252 2483 7544 8669 
3236 3613 1744 2483 3573 2491 2844 2052 1972 2323 2026 3641 2900 3840 2750 3490 2794 2832 2380 2832 2708 2555 2320 2349 5926 4989 4315 6542 6321 4360 4060 6562 6179 4983 4391 4256 4111 5252 5188 4956 4158 5453 4783 5225 5453 6125 5088 5759 5560 3256 3828 3490 5472 4779 4248 3968 4306 1649 0 580 778 519 8668 1724 4956 3692 1724 2786 4119 3322 2533 2303 2311 2607 4422 3889 3123 4359 3877 4203 5657 7576 7794 5433 4828 4989 5036 5273 3913 928 998 4111 7896 6860 7512 4956 8952 14968 5402 1920 12270 11672 5685 3793 2715 2594 12366 2607 4478 3372 8612 7919 2803 2458 2794 820 5149 5730 7367 2563 3872 6359 7906 3793 2645 6669 9778 
2678 3036 1166 2052 3012 1996 2279 1713 1486 1744 1512 3156 2320 3324 2252 2935 2391 2544 1996 2380 2320 2139 1888 1888 5496 4530 3863 6090 5908 3861 3613 6165 5744 4463 3826 3707 3558 4762 4676 4402 3631 4928 4254 4646 4873 5603 4565 5214 5032 2678 3248 2957 4935 4202 3787 3412 3728 1255 580 0 367 259 8841 1353 4825 3297 1624 2822 4256 3490 2750 1972 2207 2461 4414 3757 2865 4145 3541 3861 5530 7482 7667 5302 5312 5472 5502 5731 4073 348 625 4311 7316 6313 6949 5290 8462 14500 5580 1416 12129 11583 5105 4331 2179 2091 11813 2139 4846 3830 8101 7432 2617 1920 2216 259 4956 5194 7640 1986 3299 5915 7373 3269 2853 6562 9200 
2698 2982 1142 2252 2822 2133 2285 1982 1649 1640 1640 3285 2231 3412 2380 2957 2607 2825 2231 2555 2547 2349 2091 2065 5665 4676 4020 6236 6090 3968 3777 6359 5908 4537 3816 3735 3581 4873 4762 4417 3701 4993 4317 4561 4762 5347 4311 4989 4783 2555 3151 2715 4698 4062 3480 3208 3596 906 778 367 0 259 9208 998 4463 2957 1975 3185 4623 3856 3113 2240 2552 2794 4769 4086 3156 4446 3787 4101 5857 7814 7991 5627 5598 5759 5800 6033 3793 418 259 4047 7226 6090 6934 5638 8563 14620 5301 1142 12444 11914 5010 4334 2252 2216 11600 2303 5184 4131 7834 7144 2252 1996 2091 478 5261 4956 8000 1945 3141 6070 7419 3016 2607 6892 9122 
2865 3185 1323 2303 3071 2228 2458 1972 1724 1860 1740 3388 2447 3541 2483 3123 2645 2803 2252 2625 2576 2391 2139 2133 5742 4769 4104 6329 6157 4086 3856 6417 5988 4676 4000 3899 3748 4989 4894 4589 3842 5138 4463 4779 4989 5607 4570 5246 5042 2784 3372 2973 4956 4298 3735 3461 3830 1148 519 259 259 0 9024 1233 4618 3200 1860 3036 4446 3668 2909 2231 2447 2708 4641 4005 3123 4402 3800 4119 5779 7727 7917 5551 5341 5502 5545 5779 3816 519 492 4052 7447 6346 7122 5407 8687 14732 5322 1402 12381 11828 5232 4145 2389 2320 11855 2380 4946 3877 8093 7402 2422 2129 2320 492 5211 5214 7786 2139 3382 6157 7576 3275 2594 6809 9339 
9305 9953 9182 8078 10845 8497 9298 7786 8462 9656 8619 8481 9849 8883 8526 9350 7850 7207 7858 8173 7786 7980 8117 8276 8204 8392 8202 8734 8058 8777 8124 7888 8337 9278 9942 9528 9537 8897 9210 9925 9114 9550 9352 11081 11494 13458 12547 12830 12905 10232 10371 11122 12716 11304 12248 11229 10927 10061 8668 8841 9208 9024 0 10169 13623 11991 7326 6078 4589 5356 6135 7640 6848 6749 4762 5800 6918 6072 7148 7137 4802 3939 4368 4946 5800 5723 5467 5283 12273 8961 9465 12351 12972 13753 11680 4190 10644 14504 13604 10023 6566 5407 11485 9928 8880 8559 18521 8301 4769 6152 15834 15454 11446 8853 9987 8811 5599 12946 1972 9469 10843 8534 11008 11439 11024 4254 14226 
