130
0 119 170 248 161 508 296 200 544 430 165 383 409 425 273 88 156 187 226 201 249 301 331 285 354 244 202 221 304 242 176 404 265 149 198 417 300 331 65 319 37 325 207 313 98 181 319 348 394 105 369 528 376 174 388 505 537 388 270 382 168 136 271 282 475 389 411 300 304 242 66 452 465 504 508 127 402 355 302 170 384 553 189 419 345 356 382 308 304 320 527 403 263 342 302 401 251 321 499 227 587 523 420 174 116 327 185 197 160 297 588 121 394 197 187 274 121 175 459 391 303 380 589 203 322 235 150 90 167 82 
119 0 139 130 275 390 365 138 468 323 282 309 313 318 230 191 113 109 198 87 157 192 224 230 375 327 170 275 259 215 133 404 173 132 81 410 189 236 106 208 114 206 223 195 213 74 207 374 280 40 250 442 260 75 272 433 465 275 242 263 286 203 309 389 402 392 310 326 411 304 92 339 372 414 419 247 359 307 228 59 321 491 179 412 342 458 309 407 286 313 413 304 149 319 236 299 323 333 403 176 539 407 365 204 185 217 228 137 279 299 548 174 392 155 231 212 146 58 443 273 246 267 548 306 318 180 205 176 271 57 
170 139 0 220 257 409 464 49 596 301 279 441 262 295 369 177 250 68 336 141 118 191 211 368 503 414 308 170 399 78 271 539 131 265 189 547 193 358 105 214 135 263 349 238 216 114 212 500 368 103 300 565 338 208 290 564 595 364 107 311 317 136 428 442 532 253 272 451 465 408 104 427 490 534 540 264 498 186 363 121 457 626 44 549 203 519 441 474 424 174 493 417 176 458 373 263 419 463 516 315 677 416 503 323 129 319 342 46 300 432 686 106 527 29 125 349 71 141 581 342 135 270 686 369 179 68 311 146 333 106 
248 130 220 0 405 274 450 188 386 241 412 244 257 236 225 321 164 156 221 80 152 128 157 209 414 425 200 384 244 276 171 418 158 196 51 417 121 148 232 128 244 83 281 86 344 106 129 418 153 159 126 349 130 90 166 359 387 148 297 138 411 323 371 504 327 455 243 375 525 387 218 213 272 317 323 375 330 328 179 102 270 426 263 419 405 567 244 514 299 376 284 198 84 319 197 233 412 368 296 180 489 295 320 278 307 99 307 189 407 329 506 292 406 219 338 185 258 85 435 143 265 174 505 419 383 222 296 303 386 183 
161 275 257 405 0 650 329 303 697 555 31 537 520 549 417 86 311 307 367 346 369 434 460 434 443 265 348 177 448 299 329 509 384 297 355 527 434 491 178 455 161 477 323 461 64 321 454 433 554 249 520 685 534 336 529 656 688 548 320 532 106 129 354 229 628 377 528 390 249 299 190 613 625 663 666 67 539 413 458 315 533 698 247 529 347 305 536 276 431 332 687 564 404 470 456 519 291 423 659 379 722 662 564 287 129 488 282 301 79 411 718 153 502 285 179 427 186 325 575 548 380 515 720 191 330 323 248 113 168 224 
508 390 409 274 650 0 720 360 475 137 664 410 204 139 464 564 435 347 478 307 291 218 199 439 663 698 463 573 470 416 439 647 279 468 321 639 217 325 472 196 493 191 548 195 595 330 198 670 209 405 150 420 189 364 121 472 487 215 419 138 676 542 635 776 449 549 177 633 797 658 461 212 352 385 393 634 524 383 393 339 450 544 440 640 509 840 411 787 538 487 209 302 247 545 414 179 684 617 345 434 624 30 494 549 532 258 579 363 668 577 655 511 635 389 531 418 473 333 641 163 349 139 651 691 496 362 570 539 658 430 
296 365 464 450 329 720 0 488 531 682 301 408 678 677 286 334 286 468 251 448 522 553 585 315 159 64 261 485 301 538 281 238 538 254 408 262 548 430 361 564 333 531 175 534 302 440 564 143 542 378 571 546 544 361 616 489 516 535 566 583 226 406 102 162 472 675 673 131 165 63 360 584 521 542 541 265 341 650 363 424 380 499 484 263 634 167 408 123 237 611 656 495 506 264 346 662 45 171 558 294 489 743 383 172 390 475 142 486 251 192 470 405 237 490 465 328 415 417 314 568 596 619 474 140 612 527 160 359 161 364 
200 138 49 188 303 360 488 0 572 253 323 421 217 247 363 221 250 34 335 109 69 143 162 358 512 441 307 215 390 89 269 541 83 270 166 547 146 332 140 166 169 221 359 194 258 88 164 510 330 111 255 537 298 195 242 542 572 327 112 266 357 184 442 479 510 269 225 462 502 429 135 388 460 505 511 305 488 170 346 100 441 606 83 549 219 554 421 507 423 189 451 386 132 454 358 216 444 470 484 308 662 367 488 336 177 286 358 3 341 436 674 154 529 32 172 337 118 120 578 300 110 221 673 402 196 43 330 191 366 124 
544 468 596 386 697 475 531 572 0 549 689 161 598 547 282 632 388 538 333 462 537 493 511 262 388 555 349 742 253 660 369 322 541 400 407 300 485 240 567 480 563 394 397 424 635 485 483 403 289 508 393 57 324 393 459 43 19 287 682 394 647 666 431 671 69 841 574 401 683 493 554 264 128 91 83 641 190 711 243 476 165 77 639 300 790 697 162 649 298 761 281 198 463 268 242 566 523 361 130 318 158 505 149 428 646 295 447 573 658 340 195 639 315 600 698 270 614 455 266 343 650 488 190 602 768 607 469 629 587 523 
430 323 301 241 555 137 682 253 549 0 573 447 68 6 463 471 399 249 463 237 187 131 100 443 655 649 441 454 478 293 410 656 171 430 275 652 134 349 383 118 408 175 520 157 506 252 118 659 260 326 159 498 226 323 91 536 557 263 291 156 597 436 610 710 508 414 41 616 733 620 374 292 421 461 469 550 552 247 405 265 483 609 325 654 375 781 447 730 538 354 317 355 176 554 425 44 642 608 426 421 684 130 531 512 429 276 540 256 585 569 709 407 643 276 416 420 370 267 665 206 219 69 706 628 363 244 523 442 592 349 
165 282 279 412 31 664 301 323 689 573 0 531 540 568 408 102 308 324 357 358 387 450 477 427 421 237 340 208 438 325 324 489 402 290 362 508 450 490 192 471 172 487 308 472 70 334 469 410 559 260 530 679 541 339 543 648 680 553 347 543 76 156 332 198 620 408 548 369 218 275 203 617 622 659 662 49 527 440 453 326 524 687 272 510 378 274 530 245 416 362 692 564 417 456 449 538 265 403 657 372 708 677 553 272 153 492 264 321 50 394 702 176 483 307 208 421 208 335 557 556 405 531 704 162 360 345 232 132 142 235 
383 309 441 244 537 410 408 421 161 447 531 0 484 444 131 471 227 388 180 314 396 364 388 106 291 419 192 582 109 509 208 251 402 240 255 237 357 100 406 357 402 276 252 301 474 334 359 304 201 349 290 150 227 235 357 124 156 196 533 295 494 505 306 531 93 690 464 285 546 360 393 213 113 136 137 483 114 571 82 323 40 185 484 238 640 568 1 516 173 610 270 112 327 159 81 454 391 252 150 159 245 439 84 279 485 172 302 422 502 220 265 479 240 448 539 110 455 302 231 252 509 380 263 456 617 460 319 467 437 363 
409 313 262 257 520 204 678 217 598 68 540 484 0 65 483 438 403 222 475 231 160 131 101 466 667 640 451 404 501 240 417 675 144 433 281 674 138 384 355 130 382 208 524 183 475 239 128 670 309 307 204 549 273 329 141 581 604 311 234 205 572 396 614 691 552 348 28 624 714 616 348 347 470 512 520 522 582 181 433 254 517 654 279 676 311 764 484 715 555 292 380 401 179 576 452 32 636 621 479 435 725 195 566 512 391 312 539 220 558 583 748 368 663 235 368 442 333 262 691 256 160 110 746 611 301 199 518 408 575 328 
425 318 295 236 549 139 677 247 547 6 568 444 65 0 459 465 394 243 458 231 181 125 94 439 650 643 436 449 473 288 404 651 166 425 270 648 129 346 377 113 402 171 515 153 500 246 112 654 258 320 156 496 224 318 88 534 555 261 286 153 592 431 605 705 505 410 38 611 727 614 368 290 419 459 467 544 548 243 401 259 479 607 319 650 372 775 444 724 533 350 317 353 171 550 421 40 636 604 424 416 681 134 528 507 424 272 535 250 580 565 706 401 638 271 410 415 365 262 661 204 214 65 703 622 359 239 518 437 587 343 
273 230 369 225 417 464 286 363 282 463 408 131 483 459 0 359 123 331 51 270 359 352 382 30 198 291 71 487 32 445 101 193 369 124 209 192 345 148 310 353 298 291 121 306 357 280 355 206 267 267 321 280 277 169 380 241 272 260 472 331 366 404 186 401 214 622 469 174 416 233 298 302 240 267 268 359 131 528 78 265 117 282 409 194 572 440 130 388 75 543 372 210 306 94 60 458 263 152 277 54 316 491 148 148 384 207 171 362 376 113 320 382 180 384 447 47 365 247 216 303 465 395 321 325 548 405 189 361 307 274 
88 191 177 321 86 564 334 221 632 471 102 471 438 465 359 0 244 222 311 260 284 349 375 372 421 274 288 152 391 230 263 478 300 236 272 493 349 416 92 369 77 391 282 374 40 235 368 413 471 163 434 615 450 257 443 593 625 466 255 447 144 73 333 274 563 342 446 366 296 290 104 531 552 591 595 90 487 347 390 229 471 640 175 495 304 352 470 313 385 284 604 488 318 424 390 436 291 393 585 315 672 576 507 247 60 407 251 218 124 374 672 81 469 206 132 362 107 240 538 463 307 430 673 212 283 245 215 32 179 138 
156 113 250 164 311 435 286 250 388 399 308 227 403 394 123 244 0 220 86 174 259 274 306 130 267 264 58 364 154 327 22 292 273 32 124 298 268 185 187 282 177 246 121 249 248 175 282 268 274 147 286 373 267 76 330 349 381 267 355 298 282 283 211 353 319 501 395 221 372 224 175 326 315 351 355 262 254 419 147 159 229 399 288 300 452 410 226 356 174 424 401 259 226 208 146 384 249 223 350 72 438 458 267 114 262 204 144 249 286 188 443 260 280 267 324 118 242 145 331 289 357 335 444 268 428 292 136 242 240 151 
187 109 68 156 307 347 468 34 538 249 324 388 222 243 331 222 220 0 304 77 63 128 153 325 484 424 276 238 358 122 239 511 79 241 133 516 130 299 134 151 161 195 332 170 257 54 149 483 301 89 232 504 270 162 226 509 538 297 145 244 351 195 417 469 476 303 226 435 492 408 126 360 428 472 478 302 455 199 312 66 407 573 109 518 252 543 387 494 392 223 425 354 108 423 325 216 424 442 452 276 628 356 455 311 185 254 335 34 337 407 641 164 499 63 193 304 127 86 546 274 137 209 640 390 229 74 308 195 354 107 
226 198 336 221 367 478 251 335 333 463 357 180 475 458 51 311 86 304 0 251 339 344 375 74 192 248 28 443 81 413 65 207 352 77 194 212 337 179 267 348 253 296 79 306 307 257 349 197 291 232 331 329 296 149 385 291 323 284 440 342 315 359 158 355 265 586 463 155 371 194 257 333 285 314 316 309 176 503 115 241 168 331 373 214 538 399 179 346 88 509 406 247 296 122 103 452 224 146 322 45 361 503 197 100 339 226 125 334 325 108 363 339 195 353 404 79 324 225 245 320 441 395 364 278 513 377 139 315 258 235 
201 87 141 80 346 307 448 109 462 237 358 314 231 231 270 260 174 77 251 0 89 106 138 260 440 412 225 307 294 198 189 458 100 202 62 460 103 223 168 121 187 132 294 114 289 28 120 442 228 98 174 428 200 103 187 433 463 224 220 186 369 252 383 476 401 378 226 395 498 386 156 288 351 396 402 327 388 261 242 32 336 499 184 462 328 545 314 493 337 299 356 277 62 364 256 215 406 396 376 217 557 322 384 280 237 178 308 110 361 359 571 220 445 139 261 238 184 31 485 208 197 181 570 392 305 146 288 238 357 124 
249 157 118 152 369 291 522 69 537 187 387 396 160 181 359 284 259 63 339 89 0 75 93 348 526 481 313 283 383 139 276 546 16 285 150 549 78 300 197 98 223 163 378 133 320 85 96 527 277 147 193 498 243 191 173 511 539 275 153 202 413 252 465 531 479 310 163 480 553 461 189 333 419 464 471 365 475 176 327 101 420 579 150 551 261 604 396 555 426 233 391 344 77 453 343 153 479 482 439 306 640 298 469 361 244 243 386 72 400 446 656 222 534 98 241 326 185 114 574 241 113 152 655 451 240 80 362 256 415 168 
301 192 191 128 434 218 553 143 493 131 450 364 131 125 352 349 274 128 344 106 75 0 33 336 536 518 320 358 371 211 286 545 66 304 150 544 8 265 258 23 281 101 395 70 381 121 21 539 217 196 123 449 181 198 99 471 497 216 221 131 469 323 485 580 440 372 121 494 602 491 248 269 369 414 421 424 456 222 306 134 394 542 225 546 325 650 364 599 424 299 322 296 48 446 324 110 512 490 385 304 609 228 444 384 313 198 412 146 458 452 629 292 532 173 315 313 255 137 563 174 166 81 627 497 307 153 393 322 462 220 
331 224 211 157 460 199 585 162 511 100 477 388 101 94 382 375 306 153 375 138 93 33 0 365 567 551 351 374 400 220 318 575 80 336 182 574 38 288 285 31 310 116 427 87 409 152 29 570 228 226 127 465 192 230 86 491 516 228 227 133 499 346 517 611 461 372 89 526 633 523 276 276 385 429 436 452 483 214 333 165 419 563 241 576 327 681 388 631 455 301 323 313 80 476 352 78 544 521 399 335 632 205 469 417 337 219 444 165 487 483 653 315 562 190 332 342 278 169 591 181 164 60 651 528 309 164 426 347 493 250 
285 230 368 209 434 439 315 358 262 443 427 106 466 439 30 372 130 325 74 260 348 336 365 0 225 319 87 494 35 442 110 213 358 138 199 209 329 120 317 336 308 269 149 286 373 273 337 234 239 268 297 256 250 163 358 222 254 232 468 307 388 413 216 428 194 621 450 203 444 262 305 273 212 240 242 379 130 521 49 259 99 269 409 211 571 469 105 417 100 542 342 180 291 111 31 440 292 180 249 58 310 466 137 173 393 181 198 358 397 141 318 390 200 381 453 23 370 240 227 276 457 374 318 351 547 399 213 372 332 277 
354 375 503 414 443 663 159 512 388 655 421 291 667 650 198 421 267 484 192 440 526 536 567 225 0 206 216 571 197 581 251 79 540 243 386 103 530 344 413 540 390 486 153 498 399 442 541 16 463 402 519 412 475 339 575 347 371 457 609 529 353 486 89 318 335 742 656 54 324 150 407 493 402 414 412 376 200 681 273 426 256 347 533 104 696 323 291 282 126 669 558 395 488 132 252 645 171 46 438 234 331 689 244 182 467 405 170 510 375 86 311 475 79 524 541 245 472 412 155 501 621 587 315 277 672 554 206 437 282 397 
244 327 414 425 265 698 64 441 555 649 237 419 640 643 291 274 264 424 248 412 481 518 551 319 206 0 251 423 311 485 263 283 497 231 379 306 515 426 309 532 280 508 170 507 240 401 531 191 532 335 549 564 529 334 588 512 541 525 512 561 162 346 128 117 492 616 637 165 128 63 309 578 530 555 555 202 368 599 363 386 397 530 430 307 576 151 419 98 257 554 652 496 473 289 349 626 35 206 567 287 529 719 407 154 332 463 125 439 187 216 513 348 281 441 406 327 360 382 358 552 547 589 517 77 555 478 128 300 98 317 
202 170 308 200 348 463 261 307 349 441 340 192 451 436 71 288 58 276 28 225 313 320 351 87 216 251 0 417 103 385 37 235 325 52 170 240 314 176 241 325 228 277 86 286 287 230 326 219 282 204 314 341 283 123 365 309 341 275 412 325 302 334 173 352 281 558 440 175 370 201 230 328 292 324 326 292 201 476 119 214 185 352 345 242 510 401 191 347 116 481 402 248 272 150 111 429 229 171 329 37 386 487 219 97 313 215 126 306 311 133 389 313 223 325 378 84 297 199 273 307 413 374 390 272 485 349 133 291 249 208 
221 275 170 384 177 573 485 215 742 454 208 582 404 449 487 152 364 238 443 307 283 358 374 494 571 423 417 0 518 163 386 625 294 366 345 638 361 510 177 381 190 433 427 408 183 279 379 564 535 236 470 717 506 350 457 707 738 531 174 481 277 85 484 405 675 200 420 516 426 443 190 594 646 689 694 226 618 259 501 282 590 761 133 640 172 482 582 450 524 161 662 575 346 562 506 413 443 540 675 436 802 577 631 393 105 481 400 213 252 518 806 104 615 185 46 479 129 300 680 511 246 434 806 356 157 211 365 134 327 220 
304 259 399 244 448 470 301 390 253 478 438 109 501 473 32 391 154 358 81 294 383 371 400 35 197 311 103 518 0 474 133 179 393 155 233 174 364 147 341 371 330 304 145 321 388 306 372 207 267 297 331 254 281 195 392 211 243 260 500 340 394 436 199 424 186 651 486 181 438 251 330 297 221 244 244 390 100 554 77 292 88 250 438 176 601 459 108 408 71 572 363 200 326 77 56 475 282 153 258 84 284 498 116 175 415 213 196 390 406 117 289 414 166 412 478 59 396 273 192 308 490 409 289 351 577 432 216 393 334 304 
242 215 78 276 299 416 538 89 660 293 325 509 240 288 445 230 327 122 413 198 139 211 220 442 581 485 385 163 474 0 348 617 145 343 254 624 216 421 177 234 205 301 427 272 270 176 231 578 414 181 332 625 380 280 306 630 660 411 28 341 374 170 505 504 598 181 257 529 526 483 179 471 548 593 599 320 572 117 433 187 528 694 55 627 131 581 509 539 501 101 530 474 213 534 445 250 493 542 571 391 748 418 575 401 173 373 419 88 354 510 760 150 605 62 130 422 127 207 658 380 84 280 759 435 107 59 387 199 399 184 
176 133 271 171 329 439 281 269 369 410 324 208 417 404 101 263 22 239 65 189 276 286 318 110 251 263 37 386 133 348 0 272 289 36 136 277 280 174 209 293 198 251 111 256 266 193 293 253 269 168 290 356 266 88 337 330 362 263 375 302 294 304 201 357 300 522 407 208 376 219 197 319 300 335 338 277 233 438 129 177 208 378 309 280 473 412 208 358 154 445 394 248 238 186 127 396 246 206 335 51 417 462 246 110 283 200 141 269 299 170 421 281 260 287 345 99 263 162 310 289 376 344 422 274 449 312 138 263 248 173 
404 404 539 418 509 647 238 541 322 656 489 251 675 651 193 478 292 511 207 458 546 545 575 213 79 283 235 625 179 617 272 0 558 274 399 25 538 322 458 546 438 482 197 499 461 464 548 95 441 436 510 353 458 355 571 284 305 435 645 518 424 539 160 397 276 785 662 122 403 225 450 462 355 360 356 443 144 710 255 449 212 274 573 25 738 401 250 361 121 710 521 362 498 102 234 651 248 86 388 241 252 675 188 232 519 391 229 540 445 108 232 525 13 558 591 236 517 433 76 485 648 587 236 352 714 584 264 491 354 435 
265 173 131 158 384 279 538 83 541 171 402 402 144 166 369 300 273 79 352 100 16 66 80 358 540 497 325 294 393 145 289 558 0 299 160 560 71 305 213 89 240 160 392 130 335 99 86 541 275 164 187 500 240 203 163 516 543 273 157 196 430 266 480 547 484 311 147 494 570 477 205 330 421 466 473 381 484 170 335 115 428 584 161 562 263 620 402 571 437 235 386 346 78 464 351 137 495 495 440 317 647 285 477 375 259 246 401 85 416 459 664 236 546 110 252 335 200 127 585 237 109 140 662 467 243 87 378 271 431 184 
149 132 265 196 297 468 254 270 400 430 290 240 433 425 124 236 32 241 77 202 285 304 336 138 243 231 52 366 155 343 36 274 299 0 155 282 298 210 191 313 176 278 92 281 235 200 313 242 304 162 318 389 299 107 362 360 392 297 371 331 258 282 181 322 331 513 425 195 341 191 180 354 335 370 372 243 253 440 163 184 237 405 300 285 465 378 240 324 161 437 430 284 256 198 159 414 217 200 371 82 438 490 271 82 261 234 112 269 264 168 440 262 263 284 327 131 248 172 319 321 378 366 441 239 441 312 104 238 212 161 
198 81 189 51 355 321 408 166 407 275 362 255 281 270 209 272 124 133 194 62 150 150 182 199 386 379 170 345 233 254 136 399 160 155 0 400 145 169 185 158 195 132 245 128 294 79 158 388 199 114 175 376 179 48 209 376 406 194 278 188 360 280 335 455 344 435 271 343 476 345 171 259 302 346 351 325 326 323 181 68 275 440 233 403 385 519 255 466 278 355 332 230 102 304 195 260 369 340 330 158 496 341 323 237 262 138 266 167 356 302 510 249 386 194 300 176 217 48 425 194 259 212 509 370 362 205 251 256 337 136 
417 410 547 417 527 639 262 547 300 652 508 237 674 648 192 493 298 516 212 460 549 544 574 209 103 306 240 638 174 624 277 25 560 282 400 0 537 314 469 545 450 478 211 496 477 468 546 119 431 443 504 332 450 358 566 262 282 425 652 512 444 553 181 420 256 795 659 143 426 247 461 449 338 341 337 461 126 715 249 453 197 250 582 2 747 426 237 385 124 719 506 349 498 98 228 649 271 105 370 243 228 667 169 246 533 384 246 546 464 120 208 537 26 564 603 233 528 436 52 476 652 583 212 373 723 590 280 505 374 444 
300 189 193 121 434 217 548 146 485 134 450 357 138 129 345 349 268 130 337 103 78 8 38 329 530 515 314 361 364 216 280 538 71 298 145 537 0 257 258 21 280 94 389 63 381 119 20 533 210 195 117 442 174 193 97 464 489 209 227 126 468 325 479 577 433 379 127 488 599 486 247 262 362 406 413 423 449 229 299 131 387 534 228 539 332 647 357 596 418 305 316 288 43 439 317 116 508 484 378 298 601 228 436 379 315 190 407 148 457 445 621 294 525 176 318 306 256 133 556 168 173 81 619 494 313 157 389 323 459 219 
331 236 358 148 491 325 430 332 240 349 490 100 384 346 148 416 185 299 179 223 300 265 288 120 344 426 176 510 147 421 174 322 305 210 169 314 257 0 340 257 342 176 257 201 428 245 259 353 120 275 193 208 136 162 259 211 240 113 443 200 467 439 333 528 179 601 364 322 546 373 326 154 136 179 184 446 204 475 71 237 134 279 401 316 551 577 100 523 218 522 227 74 228 221 91 355 403 299 168 139 344 353 182 273 420 73 301 333 471 261 365 410 310 361 465 103 381 216 319 162 413 281 363 446 528 368 308 407 421 293 
65 106 105 232 178 472 361 140 567 383 192 406 355 377 310 92 187 134 267 168 197 258 285 317 413 309 241 177 341 177 209 458 213 191 185 469 258 340 0 278 29 300 262 283 123 143 277 409 384 73 342 545 361 178 352 531 562 379 205 355 217 99 333 339 500 328 360 360 362 307 14 444 477 518 523 167 441 290 325 137 413 584 124 472 283 415 406 369 351 257 516 409 226 388 329 350 316 378 508 259 625 485 454 232 79 323 246 138 203 351 629 73 448 134 137 302 59 149 509 373 240 339 630 264 259 172 213 71 228 49 
319 208 214 128 455 196 564 166 480 118 471 357 130 113 353 369 282 151 348 121 98 23 31 336 540 532 325 381 371 234 293 546 89 313 158 545 21 257 278 0 301 86 403 57 402 139 3 544 200 215 102 435 163 206 76 460 485 200 243 110 488 346 493 596 430 393 116 500 618 502 268 250 356 399 407 443 453 239 303 150 388 532 248 547 347 665 357 614 426 320 301 283 59 446 322 105 524 494 370 307 601 207 438 394 336 188 422 169 478 456 622 315 533 196 338 312 277 151 562 155 186 61 620 513 328 176 405 344 478 239 
37 114 135 244 161 493 333 169 563 408 172 402 382 402 298 77 177 161 253 187 223 281 310 308 390 280 228 190 330 205 198 438 240 176 195 450 280 342 29 301 0 316 241 301 102 163 300 385 394 88 359 543 373 181 373 525 557 389 233 372 190 106 308 310 495 352 386 336 333 279 34 453 478 518 522 142 429 319 320 155 406 576 152 453 307 386 401 340 334 282 527 412 246 373 322 376 288 356 510 249 614 507 444 209 85 330 222 166 177 331 616 87 428 163 153 295 84 164 491 386 269 362 617 235 284 202 188 66 198 63 
325 206 263 83 477 191 531 221 394 175 487 276 208 171 291 391 246 195 296 132 163 101 116 269 486 508 277 433 304 301 251 482 160 278 132 478 94 176 300 86 316 0 361 31 418 159 89 492 116 228 44 349 80 173 89 375 400 115 316 57 491 383 450 587 345 471 188 451 607 469 287 170 269 313 321 453 377 323 230 163 310 447 303 480 423 650 276 597 366 395 230 196 88 380 251 179 495 440 284 252 517 212 358 360 369 104 389 223 485 400 540 351 469 253 387 246 315 152 490 79 266 106 537 502 402 243 379 370 469 253 
207 223 349 281 323 548 175 359 397 520 308 252 524 515 121 282 121 332 79 294 378 395 427 149 153 170 86 427 145 427 111 197 392 92 245 211 389 257 262 403 241 361 0 367 269 293 403 151 368 249 399 399 369 197 448 354 385 361 456 411 255 342 90 280 330 590 516 103 295 116 255 411 361 388 388 259 221 529 193 277 233 384 381 213 544 321 251 268 108 517 484 326 347 148 179 505 145 115 398 120 401 572 252 36 322 301 51 358 269 91 395 328 188 371 394 157 321 265 255 393 468 455 397 206 520 401 76 294 191 243 
313 195 238 86 461 195 534 194 424 157 472 301 183 153 306 374 249 170 306 114 133 70 87 286 498 507 286 408 321 272 256 499 130 281 128 496 63 201 283 57 301 31 367 0 403 140 59 503 147 213 62 379 111 174 81 404 429 146 286 74 481 362 457 581 373 440 165 461 602 472 270 200 300 344 351 440 399 292 250 146 334 475 277 498 392 647 301 594 380 365 258 226 62 398 270 155 496 452 315 264 544 214 383 363 349 131 392 196 473 413 566 330 486 226 363 263 293 138 510 108 235 89 564 497 372 213 379 352 463 238 
98 213 216 344 64 595 302 258 635 506 70 474 475 500 357 40 248 257 307 289 320 381 409 373 399 240 287 183 388 270 266 461 335 235 294 477 381 428 123 402 102 418 269 403 0 265 400 390 491 190 461 621 472 272 474 595 627 485 295 474 104 110 311 235 566 378 482 345 257 263 134 550 561 599 603 50 481 387 395 257 472 638 215 479 341 312 474 274 375 322 624 501 348 415 393 472 260 375 595 316 665 608 504 233 100 425 232 256 84 359 663 121 453 244 169 365 147 266 524 487 346 462 664 175 321 284 197 72 144 165 
181 74 114 106 321 330 440 88 485 252 334 334 239 246 280 235 175 54 257 28 85 121 152 273 442 401 230 279 306 176 193 464 99 200 79 468 119 245 143 139 163 159 293 140 265 0 138 442 256 76 200 452 228 111 209 455 484 252 199 213 349 224 380 459 422 357 236 395 481 378 131 315 376 420 426 305 402 248 259 16 353 518 158 470 306 530 333 479 344 277 384 302 83 373 272 225 397 398 401 226 574 344 401 276 210 204 302 88 339 362 587 192 452 116 233 251 157 33 496 235 185 200 586 377 283 127 279 212 341 101 
319 207 212 129 454 198 564 164 483 118 469 359 128 112 355 368 282 149 349 120 96 21 29 337 541 531 326 379 372 231 293 548 86 313 158 546 20 259 277 3 300 89 403 59 400 138 0 545 202 214 105 438 166 206 78 463 488 202 241 112 487 344 493 596 432 390 115 501 618 502 266 252 358 402 409 442 454 237 304 150 390 534 246 548 344 665 359 614 428 318 304 285 59 448 323 104 524 495 372 308 603 208 440 394 334 190 423 167 477 457 624 313 535 194 336 314 276 150 563 157 183 62 622 513 326 173 405 342 477 238 
348 374 500 418 433 670 143 510 403 659 410 304 670 654 206 413 268 483 197 442 527 539 570 234 16 191 219 564 207 578 253 95 541 242 388 119 533 353 409 544 385 492 151 503 390 442 545 0 472 400 525 426 483 341 581 362 387 466 606 535 341 479 80 303 350 737 659 49 308 137 403 504 415 428 426 366 214 680 282 426 269 362 530 120 691 307 303 267 136 665 569 406 491 145 262 648 157 54 451 240 347 696 259 177 460 413 164 509 363 93 327 469 95 522 535 253 467 413 170 509 620 592 331 263 668 553 199 430 270 394 
394 280 368 153 554 209 542 330 289 260 559 201 309 258 267 471 274 301 291 228 277 217 228 239 463 532 282 535 267 414 269 441 275 304 199 431 210 120 384 200 394 116 368 147 491 256 202 472 0 312 105 240 37 221 170 276 297 7 430 105 549 476 448 626 249 586 285 440 645 483 370 60 161 203 211 519 314 438 190 254 241 350 410 433 537 681 202 627 337 509 133 97 200 340 211 278 512 418 171 248 426 238 285 378 460 70 407 331 548 380 453 445 429 362 489 220 411 238 431 55 382 199 450 542 517 356 407 455 513 335 
105 40 103 159 249 405 378 111 508 326 260 349 307 320 267 163 147 89 232 98 147 196 226 268 402 335 204 236 297 181 168 436 164 162 114 443 195 275 73 215 88 228 249 213 190 76 214 400 312 0 271 482 289 114 285 473 504 307 209 284 273 166 331 385 441 355 308 351 407 319 59 372 411 453 458 229 397 280 268 67 361 531 141 445 305 457 348 408 320 277 444 341 159 354 276 297 335 361 440 213 578 420 404 225 149 251 247 110 263 329 586 136 424 122 191 251 107 77 477 300 221 276 586 304 281 153 220 144 268 25 
369 250 300 126 520 150 571 255 393 159 530 290 204 156 321 434 286 232 331 174 193 123 127 297 519 549 314 470 331 332 290 510 187 318 175 504 117 193 342 102 359 44 399 62 461 200 105 525 105 271 0 344 69 215 68 379 401 106 343 13 534 424 487 629 350 495 181 486 650 509 329 149 266 308 316 496 397 341 255 205 326 451 338 505 448 692 290 639 396 421 200 197 124 407 276 173 535 472 275 287 525 173 374 399 410 120 429 258 529 433 551 392 497 287 425 275 355 195 512 54 288 95 548 544 429 273 420 412 512 296 
528 442 565 349 685 420 546 537 57 498 679 150 549 496 280 615 373 504 329 428 498 449 465 256 412 564 341 717 254 625 356 353 500 389 376 332 442 208 545 435 543 349 399 379 621 452 438 426 240 482 344 0 276 368 409 74 72 238 646 344 643 644 444 678 77 805 524 418 691 503 531 210 80 37 29 632 212 669 227 444 167 132 608 332 755 710 150 660 309 726 225 154 422 284 230 517 533 380 75 307 214 449 168 428 624 255 450 538 652 354 250 616 344 567 672 258 588 424 304 293 609 439 245 605 732 571 468 609 587 499 
376 260 338 130 534 189 544 298 324 226 541 227 273 224 277 450 267 270 296 200 243 181 192 250 475 529 283 506 281 380 266 458 240 299 179 450 174 136 361 163 373 80 369 111 472 228 166 483 37 289 69 276 0 207 136 310 332 37 396 71 535 451 453 619 282 551 250 448 639 483 348 90 197 239 247 503 338 402 204 228 265 383 379 452 503 677 227 623 350 475 156 129 167 356 225 242 511 429 207 251 458 217 311 376 435 70 406 300 533 390 484 419 446 330 460 230 384 213 454 26 347 164 481 534 483 322 403 432 504 313 
174 75 208 90 336 364 361 195 393 323 339 235 329 318 169 257 76 162 149 103 191 198 230 163 339 334 123 350 195 280 88 355 203 107 48 358 193 162 178 206 181 173 197 174 272 111 206 341 221 114 215 368 207 0 255 359 390 215 306 228 328 277 287 415 327 460 319 296 436 298 164 278 299 340 345 298 293 359 155 97 249 418 250 360 410 477 235 424 234 380 353 232 150 262 165 308 323 294 330 115 469 385 295 189 258 153 219 195 327 256 480 248 343 218 305 142 221 78 385 226 296 259 479 330 386 237 206 246 298 131 
388 272 290 166 529 121 616 242 459 91 543 357 141 88 380 443 330 226 385 187 173 99 86 358 575 588 365 457 392 306 337 571 163 362 209 566 97 259 352 76 373 89 448 81 474 209 78 581 170 285 68 409 136 255 0 446 467 173 313 65 557 422 537 661 417 455 115 540 682 553 340 207 332 373 381 514 463 294 318 219 393 519 323 568 411 727 357 675 455 386 244 265 126 469 339 109 577 529 338 341 593 135 441 444 411 186 473 245 548 489 618 390 558 272 414 335 353 215 577 116 249 32 615 576 395 249 460 418 542 310 
505 433 564 359 656 472 489 542 43 536 648 124 581 534 241 593 349 509 291 433 511 471 491 222 347 512 309 707 211 630 330 284 516 360 376 262 464 211 531 460 525 375 354 404 595 455 463 362 276 473 379 74 310 359 446 0 32 273 653 381 606 629 388 628 32 811 559 359 640 450 518 260 121 96 89 600 148 686 206 445 124 73 607 262 761 655 125 606 256 732 289 181 438 225 203 550 480 319 135 279 152 502 106 386 609 273 405 543 617 298 184 603 276 570 663 231 579 424 231 331 624 473 180 559 738 579 427 591 545 487 
537 465 595 387 688 487 516 572 19 557 680 156 604 555 272 625 381 538 323 463 539 497 516 254 371 541 341 738 243 660 362 305 543 392 406 282 489 240 562 485 557 400 385 429 627 484 488 387 297 504 401 72 332 390 467 32 0 294 682 402 637 661 416 658 63 841 581 386 669 479 549 275 137 103 96 632 175 713 238 475 156 60 638 282 790 682 157 635 285 761 296 204 466 253 235 573 509 346 144 311 142 517 135 417 641 299 435 572 648 326 178 635 298 600 695 263 610 454 247 352 652 495 173 590 768 608 458 623 576 519 
388 275 364 148 548 215 535 327 287 263 553 196 311 261 260 466 267 297 284 224 275 216 228 232 457 525 275 531 260 411 263 435 273 297 194 425 209 113 379 200 389 115 361 146 485 252 202 466 7 307 106 238 37 215 173 273 294 0 427 107 542 472 441 619 246 584 287 433 638 476 365 65 159 202 209 513 309 438 184 250 235 346 406 426 535 674 196 620 331 507 139 93 198 334 204 279 505 412 170 241 422 244 280 371 455 63 400 328 542 373 449 440 422 358 485 213 406 233 426 58 381 201 446 535 515 353 400 450 506 330 
270 242 107 297 320 419 566 112 682 291 347 533 234 286 472 255 355 145 440 220 153 221 227 468 609 512 412 174 500 28 375 645 157 371 278 652 227 443 205 243 233 316 456 286 295 199 241 606 430 209 343 646 396 306 313 653 682 427 0 352 399 191 534 529 621 159 253 557 551 511 207 486 568 613 619 345 598 93 458 211 552 718 82 654 109 607 533 565 529 80 543 493 229 562 470 248 521 570 590 417 773 419 599 429 196 393 447 111 378 538 785 174 633 88 146 448 153 231 685 393 74 285 785 461 87 75 416 223 426 212 
382 263 311 138 532 138 583 266 394 156 543 295 205 153 331 447 298 244 342 186 202 131 133 307 529 561 325 481 340 341 302 518 196 331 188 512 126 200 355 110 372 57 411 74 474 213 112 535 105 284 13 344 71 228 65 381 402 107 352 0 547 436 498 642 353 503 180 497 663 521 342 145 266 308 315 509 404 347 263 218 332 454 349 514 456 705 295 652 405 430 191 200 136 416 285 173 547 482 274 297 528 162 380 412 422 128 441 269 542 443 554 404 506 298 436 285 367 208 519 51 295 95 551 557 438 283 433 425 525 309 
168 286 317 411 106 676 226 357 647 597 76 494 572 592 366 144 282 351 315 369 413 469 499 388 353 162 302 277 394 374 294 424 430 258 360 444 468 467 217 488 190 491 255 481 104 349 487 341 549 273 534 643 535 328 557 606 637 542 399 547 0 213 265 131 579 476 576 303 152 204 224 604 593 626 628 55 476 491 420 338 482 639 319 446 442 209 493 173 362 424 680 541 431 401 413 566 191 340 629 338 653 692 506 221 204 479 207 354 26 335 644 225 419 346 270 386 250 342 495 553 449 548 647 86 423 385 179 176 71 249 
136 203 136 323 129 542 406 184 666 436 156 505 396 431 404 73 283 195 359 252 252 323 346 413 486 346 334 85 436 170 304 539 266 282 280 553 325 439 99 346 106 383 342 362 110 224 344 479 476 166 424 644 451 277 422 629 661 472 191 436 213 0 400 343 598 269 407 432 365 361 112 536 575 617 621 158 535 284 423 223 511 681 119 555 232 421 504 384 439 212 607 507 301 478 427 398 363 455 606 355 720 550 550 308 20 418 316 181 190 433 722 32 530 160 59 399 69 239 595 460 251 404 723 284 212 197 280 49 252 146 
271 309 428 371 354 635 102 442 431 610 332 306 614 605 186 333 211 417 158 383 465 485 517 216 89 128 173 484 199 505 201 160 480 181 335 181 479 333 333 493 308 450 90 457 311 380 493 80 448 331 487 444 453 287 537 388 416 441 534 498 265 400 0 245 370 660 606 38 255 67 328 487 419 439 439 287 242 611 264 364 278 403 456 183 616 266 305 218 135 590 558 396 437 164 246 595 94 78 456 202 401 659 282 106 382 383 87 441 286 91 386 391 155 451 456 230 391 353 232 478 552 544 390 192 592 484 121 351 194 322 
282 389 442 504 229 776 162 479 671 710 198 531 691 705 401 274 353 469 355 476 531 580 611 428 318 117 352 405 424 504 357 397 547 322 455 420 577 528 339 596 310 587 280 581 235 459 596 303 626 385 629 678 619 415 661 628 658 619 529 642 131 343 245 0 607 605 693 281 23 180 344 677 640 667 668 185 485 620 470 446 511 647 448 422 573 78 531 52 373 555 752 600 538 406 458 682 151 323 677 390 645 795 523 256 334 556 230 477 154 333 628 355 395 471 400 433 378 447 472 639 576 656 632 85 554 511 221 306 119 363 
475 402 532 327 628 449 472 510 69 508 620 93 552 505 214 563 319 476 265 401 479 440 461 194 335 492 281 675 186 598 300 276 484 331 344 256 433 179 500 430 495 345 330 373 566 422 432 350 249 441 350 77 282 327 417 32 63 246 621 353 579 598 370 607 0 779 530 342 620 430 487 238 100 87 82 572 135 654 175 413 97 102 575 257 729 636 94 587 236 699 273 153 407 208 173 521 460 304 122 249 176 479 91 361 578 242 381 511 590 280 206 572 268 538 632 201 547 392 231 304 592 444 202 536 706 547 402 560 520 456 
389 392 253 455 377 549 675 269 841 414 408 690 348 410 622 342 501 303 586 378 310 372 372 621 742 616 558 200 651 181 522 785 311 513 435 795 379 601 328 393 352 471 590 440 378 357 390 737 586 355 495 805 551 460 455 811 841 584 159 503 476 269 660 605 779 0 373 688 625 627 335 640 727 771 778 423 751 167 614 367 708 875 213 797 50 682 690 649 674 80 694 652 386 709 625 371 631 706 748 568 928 543 754 560 284 551 574 268 451 678 939 270 774 242 210 602 269 388 831 546 207 425 939 552 74 234 539 316 521 351 
411 310 272 243 528 177 673 225 574 41 548 464 28 38 469 446 395 226 463 226 163 121 89 450 656 637 440 420 486 257 407 662 147 425 271 659 127 364 360 116 386 188 516 165 482 236 115 659 285 308 181 524 250 319 115 559 581 287 253 180 576 407 606 693 530 373 0 615 715 611 352 322 446 488 496 528 564 206 416 251 498 631 292 661 335 765 464 715 542 315 353 378 169 561 435 11 632 610 454 423 704 170 547 505 401 292 533 228 563 571 728 378 649 246 383 427 342 256 675 232 180 86 725 612 323 211 514 416 576 330 
300 326 451 375 390 633 131 462 401 616 369 285 624 611 174 366 221 435 155 395 480 494 526 203 54 165 175 516 181 529 208 122 494 195 343 143 488 322 360 500 336 451 103 461 345 395 501 49 440 351 486 418 448 296 540 359 386 433 557 497 303 432 38 281 342 688 615 0 289 104 354 475 398 415 414 324 211 631 252 379 254 369 481 144 642 297 284 251 112 616 544 381 446 134 232 604 130 42 434 200 364 658 253 128 412 378 116 460 324 65 349 421 117 473 487 220 419 367 194 473 571 549 352 231 619 504 152 383 232 345 
304 411 465 525 249 797 165 502 683 733 218 546 714 727 416 296 372 492 371 498 553 602 633 444 324 128 370 426 438 526 376 403 570 341 476 426 599 546 362 618 333 607 295 602 257 481 618 308 645 407 650 691 639 436 682 640 669 638 551 663 152 365 255 23 620 625 715 289 0 191 367 695 655 682 682 207 496 643 486 468 524 657 471 428 594 56 545 45 385 576 770 617 560 417 474 705 161 331 693 407 652 816 535 273 356 575 246 499 176 344 635 377 402 494 422 450 400 468 478 660 599 678 639 106 575 533 239 328 140 386 
242 304 408 387 299 658 63 429 493 620 275 360 616 614 233 290 224 408 194 386 461 491 523 262 150 63 201 443 251 483 219 225 477 191 345 247 486 373 307 502 279 469 116 472 263 378 502 137 483 319 509 503 483 298 553 450 479 476 511 521 204 361 67 180 430 627 611 104 191 0 304 527 471 495 495 233 305 593 308 363 335 467 430 248 585 208 359 157 194 561 600 440 444 227 292 600 31 145 509 235 467 681 344 109 344 415 80 427 227 154 453 357 221 433 419 272 362 355 299 507 538 557 456 127 562 469 99 312 133 305 
66 92 104 218 190 461 360 135 554 374 203 393 348 368 298 104 175 126 257 156 189 248 276 305 407 309 230 190 330 179 197 450 205 180 171 461 247 326 14 268 34 287 255 270 134 131 266 403 370 59 329 531 348 164 340 518 549 365 207 342 224 112 328 344 487 335 352 354 367 304 0 430 463 505 509 176 430 290 312 124 401 572 127 463 289 419 393 372 342 262 503 395 214 378 316 342 315 370 494 247 613 474 442 225 93 309 242 133 211 343 618 86 440 132 148 290 67 136 499 359 238 328 619 267 265 170 209 85 231 35 
452 339 427 213 613 212 584 388 264 292 617 213 347 290 302 531 326 360 333 288 333 269 276 273 493 578 328 594 297 471 319 462 330 354 259 449 262 154 444 250 453 170 411 200 550 315 252 504 60 372 149 210 90 278 207 260 275 65 486 145 604 536 487 677 238 640 322 475 695 527 430 0 140 174 182 576 327 489 224 314 253 332 469 451 592 728 213 675 368 565 76 101 257 365 243 315 556 450 136 292 412 242 291 424 520 125 454 390 604 413 443 505 450 420 549 257 471 298 443 95 435 238 439 593 572 412 456 515 566 395 
465 372 490 272 625 352 521 460 128 421 622 113 470 419 240 552 315 428 285 351 419 369 385 212 402 530 292 646 221 548 300 355 421 335 302 338 362 136 477 356 478 269 361 300 561 376 358 415 161 411 266 80 197 299 332 121 137 159 568 266 593 575 419 640 100 727 446 398 655 471 463 140 0 45 52 576 212 590 173 369 147 193 533 339 677 679 114 627 286 648 174 75 343 270 182 439 502 365 37 255 273 381 170 385 556 176 410 461 599 333 304 546 345 491 601 208 517 349 322 215 530 361 300 562 655 493 423 543 541 429 
504 414 534 317 663 385 542 505 91 461 659 136 512 459 267 591 351 472 314 396 464 414 429 240 414 555 324 689 244 593 335 360 466 370 346 341 406 179 518 399 518 313 388 344 599 420 402 428 203 453 308 37 239 340 373 96 103 202 613 308 626 617 439 667 87 771 488 415 682 495 505 174 45 0 8 612 217 634 206 413 161 163 578 341 722 703 137 652 305 693 193 120 388 283 213 480 526 379 40 289 245 414 172 414 598 220 438 506 634 351 279 588 350 535 644 240 560 393 318 256 575 402 274 592 700 538 454 584 572 471 
508 419 540 323 666 393 541 511 83 469 662 137 520 467 268 595 355 478 316 402 471 421 436 242 412 555 326 694 244 599 338 356 473 372 351 337 413 184 523 407 522 321 388 351 603 426 409 426 211 458 316 29 247 345 381 89 96 209 619 315 628 621 439 668 82 778 496 414 682 495 509 182 52 8 0 615 214 641 209 419 160 155 583 338 728 703 137 652 304 699 201 126 395 281 215 488 526 378 48 291 237 422 169 415 602 227 438 512 636 350 272 593 347 541 649 242 565 399 313 264 582 410 267 593 706 544 455 588 574 476 
127 247 264 375 67 634 265 305 641 550 49 483 522 544 359 90 262 302 309 327 365 424 452 379 376 202 292 226 390 320 277 443 381 243 325 461 423 446 167 443 142 453 259 440 50 305 442 366 519 229 496 632 503 298 514 600 632 513 345 509 55 158 287 185 572 423 528 324 207 233 176 576 576 612 615 0 478 437 406 295 476 639 265 463 389 263 483 226 368 370 651 520 388 407 402 517 225 357 611 325 660 648 505 223 149 451 216 303 35 346 654 171 436 293 216 374 196 302 510 518 396 504 656 131 369 332 184 122 104 204 
402 359 498 330 539 524 341 488 190 552 527 114 582 548 131 487 254 455 176 388 475 456 483 130 200 368 201 618 100 572 233 144 484 253 326 126 449 204 441 453 429 377 221 399 481 402 454 214 314 397 397 212 338 293 463 148 175 309 598 404 476 535 242 485 135 751 564 211 496 305 430 327 212 217 214 478 0 649 150 389 74 164 538 127 701 508 114 460 114 672 380 226 414 79 133 554 335 171 245 184 185 552 45 256 514 277 270 488 490 152 189 513 134 511 578 151 496 369 117 363 585 483 189 421 677 529 297 491 411 405 
355 307 186 328 413 383 650 170 711 247 440 571 181 243 528 347 419 199 503 261 176 222 214 521 681 599 476 259 554 117 438 710 170 440 323 715 229 475 290 239 319 323 529 292 387 248 237 680 438 280 341 669 402 359 294 686 713 438 93 347 491 284 611 620 654 167 206 631 643 593 290 489 590 634 641 437 649 0 502 263 596 754 172 717 132 698 571 655 591 117 537 515 248 621 517 204 605 640 607 474 816 376 645 505 289 415 526 171 471 606 832 266 698 160 237 499 243 281 744 394 64 262 831 551 125 127 496 315 516 289 
