6
0 387 169 433 184 313 
387 0 252 372 148 456 
169 252 0 129 331 241 
433 372 129 0 425 497 
184 148 331 425 0 314 
313 456 241 497 314 0 
