200
0 2607 549 2009 1368 2233 1131 581 515 582 722 263 2790 2301 2490 2439 2949 2589 3008 783 258 1980 1988 2459 527 1184 662 814 492 881 3070 440 2433 838 844 2910 1129 699 1124 1100 3099 2517 1673 3350 2851 477 1488 2963 655 1989 3164 1417 1003 1437 2040 1299 1008 1177 592 1414 810 1258 2953 2359 1227 1535 1427 652 1034 1192 439 1045 839 1359 940 674 2349 2796 1316 822 1472 2579 2065 1156 773 629 1628 1867 1719 149 792 3020 765 966 96 2883 737 229 618 1249 1146 3162 2229 2050 2470 2168 432 479 2600 2678 825 2634 1362 1551 1285 1492 1048 2041 2970 2365 2762 799 401 1184 2331 2918 1147 2799 794 3183 1172 1337 1551 791 2935 553 2910 625 1617 2164 1286 489 1808 2187 1443 500 2609 3263 1172 1075 3004 537 2381 1546 2771 3000 1091 700 2008 2377 326 2740 1446 1829 1383 543 516 1546 1005 1013 1911 939 1553 181 550 802 1686 1161 1397 936 794 2064 2192 1192 1902 1445 2925 1277 863 999 1553 3004 2196 1158 3063 1472 1395 1240 1232 3117 
2607 0 3154 1013 3183 932 1480 3056 2097 2886 3328 2435 184 412 882 236 511 523 882 2274 2578 1244 1287 608 2091 2701 1988 3367 2958 2437 554 2798 707 1769 2032 604 1804 2291 3318 3187 665 217 936 1093 531 2148 2040 505 2547 673 941 1228 3355 1296 888 2637 1620 1445 2907 1254 1977 2881 394 465 2070 1434 3389 2826 2696 3425 2248 1802 3362 1348 2441 3046 489 259 2231 2280 2318 457 800 1457 3322 2544 1118 1283 907 2512 3326 831 3370 1717 2694 742 3188 2621 3075 2661 2564 896 473 1022 447 456 2478 2428 65 263 2926 926 2296 1258 1554 1176 3102 570 742 317 585 3366 2776 2160 349 315 2214 903 3329 1061 1684 3124 1329 2475 1031 2941 795 2519 1406 474 1912 2980 1083 932 1494 2184 697 860 3418 2609 874 2349 661 1264 173 703 1897 3297 629 857 2323 766 1286 860 1320 2474 2823 1276 1668 3331 1210 2023 1556 2495 2808 1871 1105 1621 2230 1745 2425 729 455 1856 709 1168 321 2190 3107 3091 1268 539 1081 3042 674 1136 3334 3442 1644 933 
549 3154 0 2515 1413 2739 1679 369 1064 665 190 739 3337 2841 2996 2987 3497 3135 3548 1203 661 2497 2500 3003 1074 1417 1186 344 385 1225 3609 528 2952 1386 1292 3456 1628 1128 1021 1077 3646 3059 2221 3891 3397 1022 1909 3500 974 2537 3684 1965 811 1978 2579 1560 1546 1725 570 1946 1287 1423 3496 2894 1656 2018 1383 792 1264 1040 936 1555 497 1882 1277 525 2897 3344 1699 1233 1830 3112 2588 1704 410 953 2151 2384 2261 664 359 3562 242 1485 460 3425 451 571 403 1499 1430 3704 2777 2582 3017 2716 790 899 3146 3219 913 3138 1727 2062 1809 2039 1066 2587 3514 2907 3290 390 584 1593 2873 3464 1544 3308 358 3721 1654 1404 2050 1128 3468 485 3451 963 2133 2712 1746 433 2343 2721 1926 1025 3129 3809 1016 1341 3544 981 2924 2082 3319 3528 1530 162 2557 2912 841 3280 1986 2376 1908 921 574 2055 1546 847 2433 1368 2054 668 621 1320 2226 1661 1778 1455 1152 2593 2740 1672 2449 1989 3471 1672 824 1011 2087 3552 2721 1233 3595 2018 1371 1097 1713 3658 
2009 1013 2515 0 2976 224 1079 2325 1572 2449 2703 1778 1161 605 481 1029 1521 1390 1843 1991 2076 1622 1667 1375 1581 2538 1349 2652 2235 2191 1231 2063 465 1272 1244 1592 1660 1969 2967 2871 1678 811 792 2097 1515 1642 2096 1107 2200 944 1180 1047 2933 1226 1307 2532 1039 1105 2138 652 1231 2710 1180 559 2000 520 3142 2432 2476 3063 1582 1598 2841 667 2219 2276 1183 1272 2191 2014 2336 706 221 1077 2780 2187 420 1584 583 1963 2600 1806 2753 1046 2077 1692 2432 1945 2333 2532 2411 1893 1025 1454 1249 869 1747 2014 964 905 2575 624 2269 460 1458 1073 2791 661 1720 699 831 2809 2295 2065 670 1225 2099 793 2604 2036 868 2922 465 2189 1935 2192 1743 2162 1539 905 1872 2467 1318 1468 607 1730 635 1873 3050 2420 1835 1956 1364 1300 1171 1057 1039 2633 884 1529 1687 1653 1219 1016 647 2087 2067 463 1352 2924 1541 1195 1659 1854 2040 1208 1222 854 2226 1075 2144 309 930 1760 767 761 1236 2136 2717 2763 1312 1552 1610 2792 1148 789 3093 3096 812 1915 
1368 3183 1413 2976 0 3180 1899 1742 1500 805 1386 1599 3344 3024 3411 2959 3335 2934 3209 986 1131 2084 2060 2781 1479 484 1791 1733 1706 786 3727 1752 3295 1729 2096 3236 1388 1013 465 346 3448 3183 2336 3534 3202 1427 1223 3649 817 2512 3977 2017 699 1900 2350 578 1971 1882 1876 2325 2021 306 3575 3121 1118 2625 229 716 503 531 1702 1413 1029 2330 764 1892 2764 3280 985 962 969 3340 2941 1903 1091 837 2556 1995 2487 1283 1764 3251 1368 2031 1394 3134 1857 1592 1783 537 619 3395 2716 2269 2869 2735 1795 1038 3203 3350 545 3556 939 2547 1635 2040 348 2712 3237 3051 3544 1152 974 1026 3025 3488 970 3689 1761 3332 2314 59 2590 791 3049 1805 3139 857 1800 2711 1278 1003 2119 2408 2545 1308 3455 3557 547 576 3209 1066 2694 1919 3310 3766 2321 1523 2564 2588 1594 2967 1910 2326 2343 951 1828 2552 1629 646 2068 2202 1656 1530 1872 1913 2078 2257 1014 2010 834 2901 2728 1327 2528 2235 3491 1012 590 403 1915 3393 2327 211 3792 2225 176 494 2365 3317 
2233 932 2739 224 3180 0 1282 2545 1793 2668 2927 2002 1055 554 258 998 1442 1369 1799 2196 2298 1721 1767 1380 1801 2736 1572 2873 2457 2394 1059 2284 278 1488 1465 1532 1845 2178 3183 3084 1591 717 935 2025 1457 1862 2261 933 2412 1016 962 1218 3152 1387 1383 2723 1258 1301 2356 864 1454 2910 1030 469 2181 736 3351 2649 2679 3280 1806 1790 3064 886 2420 2493 1192 1187 2370 2218 2510 552 275 1278 3004 2400 631 1696 735 2185 2820 1754 2976 1269 2301 1652 2650 2168 2553 2726 2606 1828 1047 1536 1238 895 1969 2231 874 774 2790 401 2448 683 1632 1233 3004 714 1666 640 640 3033 2516 2250 619 1096 2287 570 2824 1986 1090 3125 688 2396 1915 2411 1704 2375 1679 935 2047 2690 1431 1529 825 1947 431 1784 3267 2620 1791 2170 1383 1447 1073 855 1255 2856 951 1563 1911 1634 1379 1122 866 2301 2286 687 1552 3143 1646 1413 1808 2078 2259 1432 1351 1078 2402 1298 2350 355 954 1940 860 951 1108 2317 2935 2977 1459 1466 1678 3000 953 971 3301 3312 1033 1860 
1131 1480 1679 1079 1899 1282 0 1620 618 1437 1850 984 1663 1203 1516 1308 1824 1479 1921 914 1104 1053 1081 1360 611 1461 568 1914 1520 1113 1964 1374 1413 294 774 1795 618 899 1921 1812 1977 1405 544 2258 1732 669 1113 1864 1141 862 2123 313 1918 425 979 1462 266 82 1505 434 676 1632 1837 1278 959 810 2071 1397 1397 2022 814 537 1891 467 1140 1638 1232 1665 1150 936 1311 1503 1049 31 1846 1132 660 954 622 1032 1879 1925 1892 425 1220 1786 1764 1171 1644 1457 1335 2062 1102 1036 1351 1038 1074 981 1476 1570 1524 1662 1229 674 493 400 1730 921 1867 1256 1699 1888 1309 1011 1224 1793 1038 1803 1882 2107 647 1844 739 1115 1883 1522 1819 1107 757 1034 859 1507 786 1151 756 715 1580 2147 2012 1341 1917 911 1289 560 1642 1932 812 1827 878 1324 868 1657 428 716 471 1042 1415 684 275 1902 965 832 800 1034 1411 502 642 550 1199 436 1069 1019 1061 729 772 348 1799 1093 1684 1707 573 1878 1208 1718 1981 357 2020 2049 667 2028 
581 3056 369 2325 1742 2545 1620 0 1043 953 517 636 3240 2714 2802 2911 3439 3098 3535 1355 801 2544 2554 2977 1062 1679 1070 328 100 1426 3476 263 2778 1329 1081 3415 1706 1271 1376 1417 3594 2940 2144 3874 3351 1025 2064 3362 1181 2479 3504 1926 1175 1974 2574 1811 1437 1679 222 1813 1104 1713 3375 2753 1804 1811 1733 1069 1524 1403 812 1618 867 1733 1483 157 2851 3265 1881 1391 2030 2963 2425 1648 779 1157 1995 2431 2150 730 275 3542 569 1344 490 3403 157 451 42 1754 1668 3680 2718 2598 2971 2639 585 1044 3041 3092 1215 2939 1922 1888 1847 2007 1395 2486 3486 2788 3130 756 821 1756 2753 3358 1716 3114 279 3716 1457 1726 1861 1330 3478 143 3434 1160 2183 2640 1867 740 2351 2731 1721 1073 2954 3766 1379 1586 3530 1111 2903 2091 3226 3365 1299 378 2489 2916 754 3268 1981 2335 1760 1093 265 1878 1546 1209 2471 1137 2127 597 302 1185 2221 1483 1962 1315 1343 2442 2670 1772 2369 1892 3366 1846 1160 1340 2099 3492 2752 1550 3442 1930 1717 1460 1513 3643 
515 2097 1064 1572 1500 1793 618 1043 0 877 1233 420 2280 1805 2044 1925 2434 2076 2500 596 507 1507 1520 1948 30 1157 294 1316 944 784 2572 822 1968 330 621 2396 716 529 1407 1328 2584 2015 1161 2841 2336 74 1173 2468 683 1473 2695 903 1360 933 1535 1220 535 661 970 941 532 1292 2450 1870 927 1150 1628 871 1041 1499 329 613 1289 906 835 1090 1835 2282 1074 636 1249 2093 1599 642 1238 664 1168 1395 1220 416 1286 2510 1274 547 607 2373 1195 594 1073 1190 1065 2651 1714 1556 1955 1655 582 467 2092 2178 1027 2190 1141 1116 813 979 1255 1535 2459 1864 2283 1277 724 921 1831 2409 909 2347 1289 2679 818 1453 1137 734 2437 967 2401 643 1150 1650 929 907 1308 1689 1064 194 2142 2749 1484 1030 2496 435 1871 1049 2260 2519 827 1215 1493 1875 310 2232 940 1315 927 551 879 1115 503 1353 1432 726 1112 445 889 414 1181 771 1150 522 705 1587 1677 807 1390 943 2416 1022 1151 1219 1057 2488 1710 1296 2576 965 1583 1535 872 2609 
582 2886 665 2449 805 2668 1437 953 877 0 709 834 3064 2638 2918 2689 3153 2766 3133 669 389 2023 2017 2622 868 753 1133 1007 907 615 3393 947 2834 1185 1388 3087 1159 621 551 518 3290 2834 1961 3475 3037 806 1317 3297 386 2225 3555 1659 485 1611 2180 898 1410 1453 1072 1810 1333 763 3260 2715 1084 2019 846 129 601 631 975 1119 515 1782 657 1097 2550 3039 1085 685 1195 2939 2465 1453 511 376 2040 1914 2059 534 1024 3158 716 1419 594 3026 1081 797 994 836 776 3304 2458 2149 2667 2431 1014 459 2891 3001 264 3064 1100 1992 1387 1713 471 2348 3123 2687 3135 575 182 1006 2656 3201 949 3218 1022 3290 1672 782 2013 524 3021 1003 3045 397 1670 2418 1206 232 1936 2294 1931 726 3006 3433 614 685 3131 537 2537 1685 3038 3369 1630 806 2260 2487 859 2869 1621 2045 1802 416 1023 1992 1218 476 1974 1490 1562 758 1067 1271 1844 1639 1159 1393 562 2447 2441 1167 2182 1783 3207 1069 287 419 1687 3210 2263 604 3417 1793 816 673 1729 3245 
722 3328 190 2703 1386 2927 1850 517 1233 709 0 926 3511 3021 3184 3158 3662 3295 3700 1312 796 2633 2634 3161 1241 1454 1370 356 554 1307 3790 709 3139 1559 1481 3617 1760 1242 959 1042 3809 3238 2394 4044 3560 1187 2004 3682 1060 2704 3870 2130 731 2134 2732 1602 1726 1893 733 2129 1476 1436 3674 3076 1758 2208 1326 838 1306 959 1123 1694 389 2067 1355 664 3060 3514 1783 1338 1902 3295 2774 1875 308 1042 2336 2521 2440 824 400 3717 54 1670 638 3581 554 760 542 1540 1485 3860 2944 2728 3180 2888 980 1020 3322 3398 928 3326 1803 2249 1953 2202 1045 2763 3671 3086 3475 262 675 1689 3052 3639 1636 3496 397 3870 1844 1384 2239 1211 3613 648 3605 1056 2270 2882 1860 484 2494 2869 2115 1178 3315 3969 935 1393 3697 1105 3080 2233 3492 3712 1720 156 2726 3061 1025 3432 2143 2540 2093 1029 749 2242 1705 775 2573 1557 2184 853 794 1505 2381 1849 1859 1640 1241 2777 2910 1795 2622 2166 3646 1761 803 992 2238 3717 2862 1224 3778 2194 1321 1017 1902 3811 
263 2435 739 1778 1599 2002 984 636 420 834 926 0 2619 2109 2259 2282 2806 2462 2899 884 468 1927 1940 2341 444 1364 451 934 537 1025 2876 403 2213 692 584 2780 1124 800 1382 1349 2960 2330 1514 3238 2716 421 1548 2766 833 1845 2945 1289 1266 1341 1940 1462 816 1043 550 1210 558 1460 2767 2158 1291 1290 1674 890 1222 1452 197 1026 1092 1143 1083 672 2216 2638 1410 925 1578 2375 1849 1013 1022 807 1412 1815 1534 316 896 2905 975 746 305 2767 784 187 663 1418 1305 3043 2084 1969 2336 2010 209 621 2424 2487 1064 2402 1467 1323 1233 1371 1292 1865 2850 2178 2551 1042 652 1266 2143 2742 1240 2571 898 3081 926 1563 1315 946 2845 549 2798 797 1570 2010 1319 752 1719 2099 1198 507 2389 3131 1433 1245 2894 649 2267 1462 2603 2789 831 869 1857 2283 117 2632 1348 1699 1169 702 459 1317 919 1275 1850 677 1530 83 471 581 1587 924 1490 716 936 1855 2038 1206 1740 1268 2750 1364 1119 1245 1471 2859 2126 1388 2857 1302 1639 1499 985 3006 
2790 184 3337 1161 3344 1055 1663 3240 2280 3064 3511 2619 0 573 965 386 410 564 828 2446 2760 1367 1407 683 2274 2861 2172 3551 3142 2606 431 2981 805 1952 2213 540 1972 2466 3490 3357 544 349 1119 989 478 2331 2186 422 2721 844 882 1406 3531 1468 1023 2793 1804 1627 3090 1436 2159 3042 265 602 2229 1602 3553 3003 2861 3597 2432 1974 3543 1529 2608 3229 607 170 2385 2451 2465 529 955 1639 3503 2719 1294 1416 1090 2694 3510 767 3554 1900 2877 705 3372 2805 3258 2819 2725 804 628 1146 534 633 2662 2607 207 297 3100 984 2448 1432 1722 1352 3272 754 679 481 598 3548 2956 2320 516 144 2375 926 3513 988 1862 3286 1500 2646 1008 3125 756 2694 1557 647 2069 3160 1233 1041 1665 2365 756 733 3591 2773 819 2527 751 1428 45 652 2073 3481 804 938 2507 769 1457 1029 1500 2651 3006 1450 1847 3507 1341 2202 1706 2679 2991 2055 1267 1801 2380 1928 2597 891 626 2020 891 1351 147 2346 3282 3262 1431 422 1183 3208 594 1319 3498 3613 1820 859 
2301 412 2841 605 3024 554 1203 2714 1805 2638 3021 2109 573 0 585 444 917 816 1250 2070 2304 1283 1330 835 1804 2552 1658 3032 2617 2251 769 2452 401 1475 1663 990 1638 2074 3106 2987 1074 232 691 1493 914 1864 1964 663 2326 581 955 1009 3118 1129 921 2510 1295 1187 2552 901 1617 2732 662 121 1943 1030 3217 2593 2524 3211 1916 1612 3091 983 2264 2692 652 670 2120 2083 2234 318 389 1186 3043 2319 733 1285 585 2220 2987 1208 3066 1370 2383 1100 2839 2291 2729 2524 2416 1290 527 1074 687 393 2130 2181 368 379 2710 682 2192 866 1395 984 2903 313 1121 95 523 3082 2512 2025 66 663 2073 738 2990 1439 1302 2966 930 2275 1362 2592 1152 2294 1337 433 1791 2707 1037 1036 1094 1918 489 1269 3201 2448 1241 2107 848 1140 577 742 1509 2978 514 1037 2001 1081 1119 744 955 2237 2471 882 1431 3100 1223 1644 1481 2175 2453 1532 1003 1249 2135 1400 2226 319 442 1711 501 862 673 2073 2879 2885 1148 949 1191 2865 780 846 3164 3234 1257 1316 
2490 882 2996 481 3411 258 1516 2802 2044 2918 3184 2259 965 585 0 1006 1372 1373 1764 2429 2550 1847 1894 1412 2051 2960 1828 3130 2714 2625 875 2541 186 1734 1722 1483 2058 2415 3427 3325 1509 669 1122 1954 1412 2113 2451 752 2653 1135 711 1422 3402 1581 1492 2940 1509 1529 2611 1109 1711 3135 880 469 2388 991 3587 2895 2908 3526 2064 2010 3319 1139 2649 2748 1235 1118 2576 2450 2708 436 471 1509 3260 2642 878 1836 937 2440 3077 1711 3234 1525 2558 1624 2905 2426 2809 2945 2828 1765 1112 1646 1257 972 2226 2476 818 668 3033 147 2652 939 1835 1426 3244 833 1622 647 445 3289 2768 2462 639 974 2502 313 3081 1940 1347 3356 946 2631 1907 2667 1676 2617 1848 1013 2248 2944 1576 1618 1081 2195 229 1695 3513 2846 1755 2414 1431 1626 993 631 1509 3114 1067 1622 2168 1633 1573 1268 1117 2545 2542 944 1782 3392 1779 1668 1984 2336 2514 1688 1514 1335 2602 1554 2585 523 1025 2148 1004 1177 986 2524 3182 3219 1637 1387 1772 3234 739 1189 3536 3556 1290 1811 
2439 236 2987 1029 2959 998 1308 2911 1925 2689 3158 2282 386 444 1006 0 544 372 815 2064 2394 1009 1052 411 1917 2476 1841 3216 2812 2221 789 2656 821 1602 1918 576 1587 2086 3107 2973 706 362 768 1085 500 1972 1806 740 2341 464 1167 1036 3152 1085 652 2409 1475 1265 2773 1138 1854 2656 627 543 1844 1381 3168 2624 2476 3214 2099 1591 3173 1241 2223 2911 260 357 2001 2068 2085 621 808 1283 3137 2340 1040 1047 785 2336 3177 780 3198 1585 2528 663 3048 2469 2932 2434 2340 878 243 786 252 272 2341 2233 279 477 2718 1077 2065 1187 1337 976 2888 454 696 363 785 3183 2586 1934 380 529 1989 1084 3180 1008 1589 2900 1269 2263 918 2802 714 2315 1175 275 1684 2793 850 702 1429 1999 855 896 3209 2387 807 2152 447 1042 353 929 1807 3135 433 645 2167 636 1075 647 1213 2275 2686 1206 1476 3127 973 1921 1324 2337 2675 1733 881 1517 1999 1612 2214 722 249 1634 542 1021 532 1962 2901 2879 1045 591 853 2823 907 981 3113 3230 1555 890 
2949 511 3497 1521 3335 1442 1824 3439 2434 3153 3662 2806 410 917 1372 544 0 401 434 2504 2884 1268 1300 554 2423 2853 2371 3738 3339 2641 744 3187 1206 2118 2461 160 2012 2537 3532 3390 162 725 1296 584 144 2475 2131 784 2789 961 1238 1532 3600 1544 990 2766 2008 1773 3308 1682 2394 3030 604 976 2221 1916 3554 3077 2875 3641 2628 2036 3651 1785 2634 3445 605 256 2354 2502 2407 936 1305 1797 3620 2791 1582 1345 1329 2838 3701 366 3700 2124 3040 341 3579 2993 3461 2800 2720 394 722 1068 486 809 2874 2705 568 707 3154 1394 2408 1727 1771 1461 3306 998 284 822 1005 3670 3065 2314 852 458 2374 1332 3704 580 2134 3277 1806 2695 640 3333 384 2767 1538 802 2062 3275 1231 934 1968 2490 1167 356 3638 2779 425 2621 641 1470 379 1025 2351 3648 949 772 2690 465 1534 1122 1757 2737 3220 1746 1961 3571 1270 2465 1679 2857 3210 2268 1309 2061 2336 2151 2646 1229 772 2038 1076 1557 448 2323 3345 3303 1469 58 1042 3220 944 1513 3499 3651 2099 450 
2589 523 3135 1390 2934 1369 1479 3098 2076 2766 3295 2462 564 816 1373 372 401 0 475 2112 2510 871 905 153 2063 2452 2039 3389 2999 2244 991 2852 1190 1770 2165 323 1618 2148 3135 2992 524 712 980 789 272 2113 1731 985 2398 630 1441 1175 3208 1164 592 2365 1686 1420 2980 1402 2089 2629 827 914 1820 1700 3153 2687 2475 3244 2292 1647 3268 1512 2236 3115 253 419 1953 2108 2008 970 1169 1450 3241 2400 1348 945 1060 2472 3356 459 3332 1815 2682 325 3243 2649 3123 2399 2319 586 412 668 147 548 2547 2322 586 784 2759 1435 2007 1495 1380 1097 2907 766 391 735 1108 3292 2684 1914 752 687 1973 1424 3358 672 1865 2876 1583 2300 547 3000 369 2377 1138 524 1661 2896 836 536 1737 2118 1209 674 3241 2378 468 2237 240 1081 519 1207 2084 3289 640 390 2345 265 1155 763 1485 2351 2891 1515 1590 3177 870 2182 1278 2509 2885 1948 923 1784 1936 1840 2251 1081 494 1640 784 1249 684 1922 2952 2905 1079 459 654 2820 1157 1199 3098 3253 1838 568 
3008 882 3548 1843 3209 1799 1921 3535 2500 3133 3700 2899 828 1250 1764 815 434 475 0 2466 2907 1133 1152 564 2484 2736 2487 3816 3435 2575 1176 3294 1589 2207 2630 288 1974 2512 3457 3307 389 1098 1445 344 354 2531 1986 1218 2754 1096 1672 1611 3552 1570 968 2631 2142 1857 3426 1874 2551 2905 1038 1332 2122 2173 3434 3043 2781 3566 2735 2020 3643 1984 2559 3559 724 660 2227 2457 2249 1335 1622 1891 3623 2760 1822 1233 1535 2883 3786 74 3734 2277 3102 152 3682 3083 3561 2673 2609 190 886 983 621 1022 2995 2704 946 1115 3097 1801 2270 1969 1754 1528 3224 1238 150 1160 1426 3677 3068 2216 1184 891 2277 1754 3788 197 2338 3152 2057 2642 230 3442 106 2738 1465 999 1970 3280 1207 839 2212 2523 1572 381 3565 2679 9 2618 632 1468 790 1459 2556 3705 1111 646 2781 268 1562 1208 1958 2723 3336 1990 2003 3518 1166 2650 1588 2940 3333 2403 1322 2255 2195 2300 2595 1537 968 1975 1257 1715 882 2206 3295 3228 1463 453 887 3118 1378 1662 3379 3569 2312 112 
783 2274 1203 1991 986 2196 914 1355 596 669 1312 884 2446 2070 2429 2064 2504 2112 2466 0 558 1354 1348 1965 568 576 882 1532 1272 205 2801 1217 2319 755 1215 2431 495 85 1044 918 2636 2246 1379 2808 2384 536 712 2714 288 1602 3015 1062 1096 979 1522 625 995 902 1372 1339 1123 732 2658 2160 454 1652 1158 577 488 1151 890 473 1184 1347 246 1457 1905 2407 534 42 696 2383 1960 920 1173 294 1571 1244 1514 635 1527 2494 1333 1074 867 2363 1509 985 1394 599 473 2640 1826 1483 2020 1818 1089 312 2286 2415 654 2575 585 1563 734 1101 833 1765 2461 2106 2585 1233 638 402 2078 2587 364 2712 1527 2621 1363 932 1610 205 2351 1336 2380 273 1002 1800 548 844 1277 1628 1576 411 2483 2774 1145 450 2464 246 1879 1035 2417 2812 1410 1364 1645 1820 818 2204 989 1418 1359 283 1291 1569 649 1067 1305 1320 893 854 1318 980 1197 1297 615 1056 156 1925 1821 498 1587 1254 2592 493 841 818 1035 2562 1594 805 2847 1248 1106 1169 1411 2578 
258 2578 661 2076 1131 2298 1104 801 507 389 796 468 2760 2304 2550 2394 2884 2510 2907 558 0 1839 1841 2372 503 926 746 979 723 631 3067 694 2475 831 1001 2832 967 477 939 889 3028 2509 1643 3250 2777 442 1269 2966 398 1934 3202 1359 862 1345 1940 1041 1042 1133 843 1448 944 1004 2941 2373 1011 1635 1211 424 777 1020 589 898 787 1411 689 913 2279 2750 1081 592 1231 2596 2105 1124 743 372 1674 1726 1719 153 971 2925 828 1038 323 2789 953 486 841 991 890 3069 2172 1932 2399 2129 667 246 2578 2674 598 2696 1121 1618 1157 1424 828 2025 2881 2359 2787 788 220 958 2327 2893 916 2854 971 3075 1284 1096 1633 538 2817 796 2813 369 1475 2120 1090 403 1700 2074 1545 395 2649 3183 1003 817 2904 322 2291 1439 2737 3023 1241 824 1962 2266 475 2639 1355 1763 1433 293 772 1616 923 860 1777 1103 1393 401 807 886 1590 1254 1162 1010 545 2093 2145 1011 1870 1442 2899 1046 675 783 1444 2940 2066 920 3078 1459 1174 1062 1342 3018 
1980 1244 2497 1622 2084 1721 1053 2544 1507 2023 2633 1927 1367 1283 1847 1009 1268 871 1133 1354 1839 0 47 719 1485 1607 1587 2794 2447 1448 1791 2329 1671 1281 1827 1157 875 1408 2325 2174 1369 1335 857 1468 1129 1519 866 1749 1639 712 2167 776 2426 629 366 1508 1318 972 2476 1250 1728 1779 1626 1404 990 1668 2307 1926 1648 2434 1798 942 2538 1352 1429 2598 761 1261 1099 1340 1140 1570 1450 1023 2524 1647 1346 113 1060 1842 2773 1170 2662 1476 2076 1050 2698 2100 2576 1547 1478 1315 791 222 840 893 2067 1616 1287 1477 1970 1959 1147 1461 697 693 2092 1016 1153 1256 1761 2582 1977 1083 1248 1508 1145 2019 2774 1274 1655 2026 1556 1519 999 2474 1057 1627 364 855 839 2188 315 336 1658 1481 1771 1473 2433 1546 1132 1531 636 493 1325 1931 1848 2658 780 504 1813 883 626 606 1336 1623 2385 1480 1011 2390 91 1884 462 1950 2391 1549 449 1556 1074 1489 1473 1366 853 856 862 1044 1507 1075 2169 2097 481 1325 246 1986 1916 985 2252 2437 1656 1243 
1988 1287 2500 1667 2060 1767 1081 2554 1520 2017 2634 1940 1407 1330 1894 1052 1300 905 1152 1348 1841 47 0 754 1497 1585 1607 2800 2458 1436 1833 2342 1718 1301 1854 1186 875 1405 2309 2157 1397 1380 900 1484 1160 1530 840 1792 1632 759 2212 809 2414 656 412 1484 1346 999 2490 1288 1754 1755 1668 1451 973 1707 2284 1918 1630 2418 1815 946 2532 1389 1415 2610 802 1300 1076 1333 1111 1616 1497 1051 2520 1641 1388 128 1104 1849 2780 1191 2662 1504 2084 1074 2709 2111 2587 1524 1458 1336 836 266 879 940 2084 1616 1331 1522 1958 2006 1122 1501 708 727 2075 1062 1178 1303 1807 2579 1975 1066 1294 1548 1128 2066 2781 1288 1688 2002 1597 1509 1011 2487 1079 1621 371 901 825 2186 357 372 1696 1488 1818 1497 2418 1528 1151 1530 672 521 1365 1976 1879 2662 827 532 1827 907 653 651 1373 1620 2399 1521 1028 2378 130 1912 455 1962 2406 1573 486 1589 1048 1517 1464 1413 899 850 908 1082 1548 1054 2157 2081 508 1357 267 1967 1959 1023 2229 2419 1691 1261 
2459 608 3003 1375 2781 1380 1360 2977 1948 2622 3161 2341 683 835 1412 411 554 153 564 1965 2372 719 754 0 1934 2299 1925 3263 2877 2094 1115 2734 1226 1648 2067 466 1471 2002 2985 2841 673 772 884 898 423 1982 1578 1096 2252 537 1546 1051 3060 1027 443 2212 1578 1298 2865 1319 1988 2476 949 944 1667 1643 3000 2540 2323 3094 2175 1502 3126 1430 2085 2999 192 554 1800 1961 1855 1032 1158 1331 3100 2254 1287 792 989 2340 3231 565 3196 1713 2553 426 3123 2526 3003 2246 2166 703 355 514 163 509 2433 2181 667 869 2611 1487 1854 1433 1235 970 2757 726 511 765 1188 3152 2544 1761 776 815 1821 1493 3234 755 1783 2723 1525 2152 577 2882 460 2231 986 476 1509 2755 688 384 1673 1983 1266 812 3091 2226 558 2096 87 938 639 1309 2000 3158 560 255 2224 309 1018 645 1405 2207 2775 1454 1457 3029 716 2090 1126 2385 2771 1840 782 1697 1782 1737 2103 1068 449 1490 708 1153 813 1769 2804 2755 935 612 508 2668 1269 1100 2945 3103 1760 668 
527 2091 1074 1581 1479 1801 611 1062 30 868 1241 444 2274 1804 2051 1917 2423 2063 2484 568 503 1485 1497 1934 0 1131 319 1332 964 758 2569 845 1973 328 648 2384 688 502 1394 1312 2572 2012 1155 2826 2324 62 1144 2467 663 1463 2699 891 1352 916 1518 1192 542 652 994 946 558 1268 2446 1870 897 1165 1609 857 1017 1487 359 586 1288 915 808 1113 1823 2274 1044 608 1219 2094 1603 635 1239 644 1174 1373 1219 421 1303 2495 1282 562 620 2358 1215 615 1093 1163 1038 2636 1703 1537 1943 1647 610 449 2087 2176 1012 2197 1111 1125 790 966 1238 1531 2445 1861 2284 1279 719 891 1829 2404 879 2353 1305 2662 837 1432 1149 710 2419 989 2386 622 1127 1642 900 905 1290 1671 1080 171 2146 2736 1472 1004 2481 413 1856 1030 2253 2520 852 1226 1485 1858 335 2217 924 1303 935 532 903 1126 485 1343 1410 753 1087 465 914 434 1164 788 1120 538 679 1590 1669 778 1383 942 2411 992 1139 1203 1038 2478 1690 1275 2576 962 1564 1522 890 2594 
1184 2701 1417 2538 484 2736 1461 1679 1157 753 1454 1364 2861 2552 2960 2476 2853 2452 2736 576 926 1607 1585 2299 1131 0 1449 1760 1618 375 3246 1616 2836 1329 1776 2755 914 630 766 606 2967 2706 1867 3065 2720 1090 756 3171 532 2032 3506 1550 934 1424 1867 152 1568 1435 1760 1893 1689 181 3094 2651 635 2224 702 625 155 868 1418 950 1179 1910 331 1811 2280 2797 509 543 531 2869 2488 1461 1211 558 2120 1515 2028 1061 1775 2776 1454 1650 1241 2657 1818 1412 1720 88 136 2921 2233 1787 2385 2255 1572 745 2722 2872 534 3103 475 2126 1159 1568 535 2239 2760 2576 3074 1278 858 542 2551 3005 486 3230 1774 2865 1940 425 2178 427 2583 1703 2663 568 1317 2230 795 985 1635 1927 2150 963 2992 3079 874 128 2736 737 2212 1438 2827 3292 1981 1559 2084 2109 1327 2490 1434 1845 1921 662 1694 2133 1186 886 1588 1882 1174 1312 1731 1554 1596 1873 550 1633 452 2444 2246 846 2054 1785 3008 532 708 561 1433 2911 1851 389 3315 1770 646 858 1987 2845 
662 1988 1186 1349 1791 1572 568 1070 294 1133 1370 451 2172 1658 1828 1841 2371 2039 2487 882 746 1587 1607 1925 319 1449 0 1380 972 1075 2426 816 1772 306 337 2352 903 819 1676 1607 2527 1880 1075 2822 2287 365 1398 2316 975 1414 2504 881 1608 968 1545 1507 368 638 940 760 241 1586 2317 1708 1168 889 1913 1144 1335 1763 260 795 1493 698 1125 1076 1789 2195 1331 921 1507 1926 1405 598 1432 954 967 1480 1084 619 1338 2489 1417 304 734 2351 1208 634 1091 1480 1354 2624 1651 1595 1908 1568 508 754 1975 2037 1307 1973 1402 889 928 967 1536 1418 2429 1727 2105 1461 966 1176 1693 2293 1172 2137 1341 2674 539 1745 894 1028 2451 963 2385 934 1253 1570 1141 1123 1343 1715 799 488 1948 2702 1747 1322 2483 728 1856 1099 2157 2343 533 1320 1421 1891 345 2224 973 1280 723 840 852 885 593 1606 1503 439 1248 518 846 141 1202 509 1402 274 998 1408 1600 1009 1298 822 2301 1276 1415 1498 1110 2423 1762 1586 2409 860 1870 1802 596 2593 
814 3367 344 2652 1733 2873 1914 328 1316 1007 356 934 3551 3032 3130 3216 3738 3389 3816 1532 979 2794 2800 3263 1332 1760 1380 0 417 1566 3797 589 3104 1621 1408 3708 1935 1454 1314 1390 3891 3257 2447 4157 3646 1288 2242 3683 1314 2777 3831 2214 1087 2247 2850 1903 1747 1969 535 2131 1428 1761 3693 3074 1987 2139 1680 1135 1607 1315 1120 1855 744 2054 1619 418 3145 3571 2038 1564 2171 3286 2750 1942 663 1293 2318 2680 2463 952 64 3826 389 1662 718 3688 264 747 326 1842 1774 3966 3016 2864 3265 2943 908 1223 3354 3411 1250 3267 2067 2213 2099 2293 1388 2797 3774 3104 3454 616 926 1927 3069 3672 1880 3442 59 3994 1784 1728 2188 1468 3749 467 3717 1301 2430 2943 2069 775 2620 3000 2048 1313 3280 4060 1291 1685 3812 1301 3187 2359 3536 3690 1627 210 2790 3189 1048 3548 2255 2626 2081 1254 591 2204 1815 1131 2725 1465 2361 881 625 1501 2496 1808 2117 1632 1490 2765 2972 1988 2674 2201 3680 2009 1144 1334 2366 3792 3011 1561 3765 2236 1674 1373 1840 3925 
492 2958 385 2235 1706 2457 1520 100 944 907 554 537 3142 2617 2714 2812 3339 2999 3435 1272 723 2447 2458 2877 964 1618 972 417 0 1353 3381 173 2687 1229 992 3315 1613 1188 1359 1389 3494 2843 2045 3774 3252 928 1979 3267 1111 2380 3414 1826 1169 1875 2475 1746 1339 1580 187 1716 1011 1661 3279 2658 1719 1724 1709 1018 1463 1393 712 1523 877 1638 1410 193 2752 3166 1802 1309 1954 2869 2332 1549 790 1086 1901 2334 2052 642 369 3442 608 1247 405 3304 251 352 129 1691 1601 3580 2618 2500 2871 2540 491 963 2943 2996 1172 2851 1844 1796 1750 1908 1361 2388 3386 2691 3037 775 764 1674 2656 3261 1635 3026 373 3617 1367 1687 1771 1258 3379 104 3334 1087 2086 2541 1778 706 2252 2632 1633 979 2863 3667 1370 1521 3431 1027 2804 1993 3128 3273 1215 432 2390 2817 654 3168 1882 2235 1665 1016 195 1786 1447 1199 2373 1052 2032 499 240 1088 2122 1391 1883 1218 1268 2348 2570 1681 2270 1793 3269 1765 1132 1307 2001 3392 2653 1509 3348 1831 1690 1449 1424 3543 
881 2437 1225 2191 786 2394 1113 1426 784 615 1307 1025 2606 2251 2625 2221 2641 2244 2575 205 631 1448 1436 2094 758 375 1075 1566 1353 0 2971 1321 2511 959 1405 2559 635 256 892 752 2767 2420 1560 2914 2516 719 702 2888 252 1764 3200 1241 978 1141 1652 442 1200 1096 1473 1541 1315 527 2825 2344 475 1857 968 498 285 1000 1058 639 1121 1550 59 1543 2048 2557 475 176 607 2565 2155 1117 1125 273 1771 1343 1704 743 1568 2607 1321 1277 954 2480 1576 1100 1467 407 285 2754 1981 1598 2161 1983 1234 408 2452 2588 523 2770 502 1767 884 1272 667 1942 2580 2283 2768 1189 641 392 2256 2748 334 2904 1568 2722 1566 731 1814 98 2446 1427 2493 267 1113 1962 611 825 1410 1742 1781 592 2673 2897 997 247 2574 379 2007 1181 2574 2993 1606 1382 1810 1932 975 2317 1151 1577 1562 339 1398 1773 843 943 1410 1510 988 983 1430 1179 1344 1500 553 1259 89 2117 1982 604 1761 1449 2752 455 721 662 1180 2699 1692 615 3025 1440 915 1011 1614 2687 
3070 554 3609 1231 3727 1059 1964 3476 2572 3393 3790 2876 431 769 875 789 744 991 1176 2801 3067 1791 1833 1115 2569 3246 2426 3797 3381 2971 0 3214 781 2242 2413 900 2342 2813 3844 3718 815 559 1433 1242 856 2629 2593 125 3067 1214 499 1742 3869 1831 1440 3187 2064 1941 3309 1667 2375 3427 166 724 2619 1734 3930 3342 3235 3950 2683 2333 3854 1743 2978 3449 1031 576 2782 2810 2872 527 1071 1945 3808 3063 1483 1834 1352 2987 3750 1106 3835 2135 3152 1080 3598 3058 3491 3209 3110 1098 1027 1569 965 992 2892 2935 524 394 3450 827 2848 1603 2093 1701 3633 1046 1027 708 430 3848 3272 2707 741 306 2760 700 3754 1301 2044 3668 1651 3004 1383 3352 1125 3038 1959 1016 2461 3470 1636 1470 1811 2678 647 960 3943 3152 1168 2859 1182 1809 476 316 2241 3746 1163 1369 2769 1173 1821 1401 1716 2986 3230 1616 2178 3848 1761 2385 2109 2943 3210 2298 1653 2000 2783 2165 2955 1039 1001 2400 1216 1628 311 2741 3625 3620 1814 724 1613 3581 210 1608 3876 3970 1994 1176 
440 2798 528 2063 1752 2284 1374 263 822 947 709 403 2981 2452 2541 2656 3187 2852 3294 1217 694 2329 2342 2734 845 1616 816 589 173 1321 3214 0 2516 1087 819 3167 1516 1132 1439 1451 3343 2679 1891 3632 3102 817 1912 3099 1092 2230 3242 1684 1266 1743 2339 1735 1181 1437 156 1552 841 1677 3114 2490 1652 1551 1777 1045 1463 1484 560 1421 1000 1471 1380 269 2604 3009 1751 1256 1910 2700 2162 1404 915 1066 1733 2217 1891 583 538 3299 763 1083 375 3161 392 238 277 1683 1584 3436 2467 2371 2723 2384 322 918 2781 2830 1209 2678 1799 1625 1635 1767 1414 2228 3241 2527 2867 909 784 1615 2492 3098 1581 2853 542 3478 1195 1728 1599 1230 3245 148 3193 1063 1972 2387 1697 772 2121 2500 1460 885 2691 3518 1461 1510 3290 971 2662 1865 2968 3102 1042 598 2237 2683 518 3028 1750 2090 1498 982 78 1615 1322 1291 2253 879 1928 386 120 926 1988 1220 1832 1054 1233 2179 2416 1592 2114 1636 3107 1710 1197 1361 1873 3239 2529 1549 3179 1675 1753 1538 1251 3401 
2433 707 2952 465 3295 278 1413 2778 1968 2834 3139 2213 805 401 186 821 1206 1190 1589 2319 2475 1671 1718 1226 1973 2836 1772 3104 2687 2511 781 2516 0 1650 1699 1311 1928 2311 3333 3225 1349 491 979 1790 1238 2035 2302 656 2554 961 732 1289 3319 1438 1314 2809 1435 1417 2596 1027 1677 3014 756 284 2252 983 3477 2805 2792 3433 2016 1886 3253 1074 2532 2734 1049 951 2436 2338 2563 283 370 1403 3197 2544 805 1665 809 2373 3054 1538 3187 1469 2505 1446 2889 2386 2788 2818 2703 1598 927 1468 1072 790 2196 2386 644 514 2936 289 2511 892 1697 1285 3142 663 1449 461 367 3230 2691 2328 453 832 2371 393 3057 1768 1322 3239 918 2523 1726 2647 1499 2519 1690 831 2108 2874 1408 1436 1068 2108 176 1538 3422 2725 1580 2320 1245 1474 829 593 1502 3076 893 1437 2115 1450 1429 1103 1050 2452 2522 901 1670 3306 1606 1655 1828 2286 2497 1634 1354 1297 2459 1499 2475 394 842 2013 841 1066 843 2386 3092 3119 1484 1225 1590 3124 683 1071 3425 3461 1268 1640 
838 1769 1386 1272 1729 1488 294 1329 330 1185 1559 692 1952 1475 1734 1602 2118 1770 2207 755 831 1281 1301 1648 328 1329 306 1621 1229 959 2242 1087 1650 0 592 2088 635 716 1695 1601 2271 1685 835 2546 2025 389 1145 2138 932 1156 2373 597 1670 666 1253 1359 242 351 1222 626 487 1487 2120 1542 938 898 1881 1161 1240 1792 531 529 1616 608 998 1353 1525 1959 1117 787 1290 1766 1280 321 1568 918 857 1174 891 746 1586 2213 1601 332 926 2075 1475 879 1354 1343 1216 2351 1396 1295 1644 1330 797 743 1763 1848 1304 1881 1193 825 626 680 1522 1205 2157 1534 1957 1607 1044 964 1501 2081 974 2033 1588 2391 621 1678 862 939 2160 1235 2106 894 947 1327 883 1233 1043 1419 822 460 1822 2440 1780 1203 2203 685 1575 795 1933 2193 714 1533 1172 1598 575 1941 672 1007 625 815 1132 828 294 1658 1197 677 948 740 1131 301 905 546 1180 321 898 1264 1355 747 1063 613 2088 1060 1447 1493 805 2172 1460 1535 2247 636 1833 1824 663 2315 
844 2032 1292 1244 2096 1465 774 1081 621 1388 1481 584 2213 1663 1722 1918 2461 2165 2630 1215 1001 1827 1854 2067 648 1776 337 1408 992 1405 2413 819 1699 592 0 2464 1222 1149 1939 1887 2622 1893 1186 2954 2394 686 1725 2296 1284 1535 2423 1071 1841 1198 1730 1840 512 855 898 781 106 1907 2323 1689 1501 733 2202 1419 1656 2017 414 1114 1676 684 1456 1037 1912 2261 1667 1255 1842 1893 1351 805 1604 1262 931 1727 1134 854 1356 2623 1533 359 888 2486 1191 723 1090 1811 1686 2750 1759 1802 2025 1652 506 1060 2008 2037 1589 1860 1738 813 1211 1160 1821 1471 2555 1743 2053 1621 1210 1512 1708 2321 1509 2034 1360 2823 376 2053 781 1352 2620 948 2525 1244 1518 1663 1465 1333 1555 1909 641 813 1874 2806 1999 1650 2624 1045 2007 1334 2204 2288 247 1398 1527 2071 530 2374 1202 1432 712 1148 824 801 885 1847 1739 107 1534 667 800 292 1410 414 1737 341 1324 1375 1694 1331 1389 916 2330 1612 1675 1779 1346 2509 1977 1887 2367 968 2162 2061 432 2731 
2910 604 3456 1592 3236 1532 1795 3415 2396 3087 3617 2780 540 990 1483 576 160 323 288 2431 2832 1157 1186 466 2384 2755 2352 3708 3315 2559 900 3167 1311 2088 2464 0 1936 2468 3449 3304 212 821 1284 509 77 2434 2023 934 2717 938 1391 1494 3526 1487 909 2663 1995 1739 3292 1691 2392 2930 756 1063 2127 1956 3457 3006 2784 3558 2607 1968 3590 1798 2549 3428 564 372 2252 2426 2296 1051 1372 1767 3563 2720 1612 1241 1342 2794 3674 228 3654 2119 3003 182 3558 2966 3439 2699 2624 303 706 969 445 818 2859 2644 666 828 3076 1516 2303 1759 1701 1418 3220 1023 140 897 1138 3614 3007 2221 924 607 2281 1466 3676 457 2151 3178 1843 2617 483 3314 226 2697 1448 803 1969 3218 1154 828 2002 2441 1287 352 3556 2686 279 2559 552 1402 502 1174 2369 3610 938 653 2663 314 1478 1082 1771 2672 3204 1779 1913 3495 1168 2475 1585 2828 3197 2257 1245 2073 2230 2145 2569 1291 772 1955 1075 1551 599 2224 3269 3219 1400 199 922 3128 1097 1503 3401 3566 2120 329 
1129 1804 1628 1660 1388 1845 618 1706 716 1159 1760 1124 1972 1638 2058 1587 2012 1618 1974 495 967 875 875 1471 688 914 903 1935 1613 635 2342 1516 1928 635 1222 1936 0 539 1524 1387 2142 1796 954 2316 1890 703 512 2263 782 1131 2592 639 1590 513 1028 882 817 567 1669 1040 1116 1094 2194 1737 343 1427 1588 1071 893 1632 1041 108 1671 1085 637 1779 1416 1923 535 490 693 1955 1588 608 1653 786 1253 763 1122 985 1918 2000 1788 951 1224 1869 1863 1278 1741 890 779 2146 1346 990 1529 1352 1298 742 1821 1963 1142 2200 614 1287 250 654 1302 1326 1966 1663 2160 1710 1103 405 1638 2114 444 2320 1919 2132 1226 1330 1356 683 1866 1654 1886 764 514 1330 250 1315 783 1135 1371 634 2081 2279 1628 812 1972 656 1384 547 1940 2379 1345 1790 1179 1328 1022 1710 523 944 1088 751 1580 1298 366 1559 819 1311 426 1130 1595 934 710 1137 581 947 634 1538 1348 115 1141 899 2118 479 1334 1295 546 2070 1108 1239 2404 874 1533 1645 1257 2086 
699 2291 1128 1969 1013 2178 899 1271 529 621 1242 800 2466 2074 2415 2086 2537 2148 2512 85 477 1408 1405 2002 502 630 819 1454 1188 256 2813 1132 2311 716 1149 2468 539 0 1033 916 2672 2256 1384 2855 2419 465 794 2723 255 1623 3013 1071 1067 1002 1560 693 959 895 1287 1317 1060 776 2673 2160 535 1614 1173 540 526 1138 813 501 1132 1318 306 1373 1935 2432 619 126 781 2384 1949 908 1116 254 1550 1297 1510 550 1447 2537 1265 1027 783 2406 1426 900 1310 661 537 2683 1850 1529 2052 1835 1007 231 2301 2424 637 2561 670 1535 767 1115 832 1772 2502 2114 2585 1174 572 486 2085 2606 449 2702 1448 2670 1314 961 1577 222 2403 1251 2424 230 1052 1819 619 781 1315 1673 1536 338 2476 2813 1130 503 2510 161 1917 1067 2438 2814 1351 1290 1662 1866 737 2248 1012 1439 1331 216 1206 1540 644 1041 1356 1255 950 770 1233 924 1228 1252 700 1008 183 1917 1841 556 1597 1244 2610 578 816 812 1068 2595 1645 823 2853 1242 1123 1160 1363 2624 
1124 3318 1021 2967 465 3183 1921 1376 1407 551 959 1382 3490 3106 3427 3107 3532 3135 3457 1044 939 2325 2309 2985 1394 766 1676 1314 1359 892 3844 1439 3333 1695 1939 3449 1524 1033 0 160 3658 3288 2417 3793 3407 1334 1507 3756 781 2646 4042 2103 239 2022 2543 907 1930 1924 1541 2320 1882 647 3702 3191 1336 2557 366 537 683 109 1526 1516 582 2302 900 1532 2939 3447 1256 1038 1296 3416 2966 1933 654 789 2552 2225 2538 1085 1353 3492 934 1954 1121 3367 1471 1325 1414 848 870 3638 2868 2485 3052 2862 1553 953 3330 3456 397 3574 1235 2516 1771 2144 235 2804 3467 3146 3615 710 731 1243 3118 3631 1181 3721 1350 3597 2215 485 2543 843 3318 1462 3378 814 2002 2844 1487 667 2301 2629 2470 1238 3501 3785 109 789 3456 1013 2898 2071 3460 3845 2180 1106 2689 2818 1410 3202 2032 2460 2320 882 1509 2517 1675 188 2294 2041 1871 1303 1556 1812 2233 2177 1308 1929 893 2940 2864 1495 2629 2269 3635 1265 264 230 2070 3591 2571 389 3885 2271 364 129 2272 3568 
1100 3187 1077 2871 346 3084 1812 1417 1328 518 1042 1349 3357 2987 3325 2973 3390 2992 3307 918 889 2174 2157 2841 1312 606 1607 1390 1389 752 3718 1451 3225 1601 1887 3304 1387 916 160 0 3514 3164 2296 3641 3263 1255 1350 3632 672 2514 3928 1980 365 1891 2400 747 1839 1811 1565 2221 1823 489 3574 3075 1185 2477 328 467 528 264 1478 1386 684 2209 756 1570 2800 3310 1099 908 1136 3299 2861 1822 745 684 2453 2075 2425 1040 1423 3343 1023 1875 1111 3218 1525 1314 1457 688 712 3488 2733 2338 2912 2732 1532 864 3201 3332 301 3472 1076 2425 1636 2017 85 2682 3320 3024 3500 807 699 1091 2996 3499 1030 3615 1421 3444 2144 352 2457 714 3165 1490 3229 709 1856 2713 1338 683 2159 2482 2392 1150 3391 3638 268 633 3306 916 2754 1934 3326 3728 2123 1180 2559 2669 1364 3054 1901 2328 2226 786 1525 2428 1559 312 2145 1991 1723 1274 1570 1739 2096 2100 1150 1850 763 2831 2733 1352 2504 2159 3503 1110 257 109 1932 3448 2420 231 3765 2158 302 262 2199 3417 
3099 665 3646 1678 3448 1591 1977 3594 2584 3290 3809 2960 544 1074 1509 706 162 524 389 2636 3028 1369 1397 673 2572 2967 2527 3891 3494 2767 815 3343 1349 2271 2622 212 2142 2672 3658 3514 0 875 1453 447 253 2624 2235 876 2922 1115 1314 1681 3732 1685 1116 2875 2165 1924 3465 1843 2554 3142 696 1128 2338 2078 3668 3211 2995 3767 2783 2171 3791 1947 2758 3602 750 406 2464 2633 2508 1073 1463 1949 3762 2925 1744 1453 1490 2986 3855 316 3847 2284 3191 355 3735 3147 3617 2911 2835 283 876 1180 630 969 3032 2844 718 841 3283 1522 2515 1889 1905 1608 3429 1160 262 979 1123 3812 3206 2432 1010 559 2492 1447 3858 487 2296 3389 1968 2824 617 3490 380 2901 1658 961 2180 3417 1360 1040 2130 2635 1297 195 3764 2897 382 2760 760 1605 520 1115 2513 3798 1106 865 2844 513 1675 1270 1919 2874 3377 1909 2106 3702 1379 2626 1795 3010 3368 2426 1446 2223 2442 2310 2776 1388 930 2163 1235 1716 549 2436 3476 3428 1603 126 1133 3339 1023 1671 3613 3775 2261 365 
2517 217 3059 811 3183 717 1405 2940 2015 2834 3238 2330 349 232 669 362 725 712 1098 2246 2509 1335 1380 772 2012 2706 1880 3257 2843 2420 559 2679 491 1685 1893 821 1796 2256 3288 3164 875 0 874 1309 748 2071 2081 468 2510 683 836 1185 3310 1283 969 2654 1515 1381 2781 1127 1846 2887 437 254 2085 1259 3383 2783 2688 3394 2138 1781 3296 1212 2429 2921 618 470 2255 2256 2356 260 606 1385 3250 2505 965 1357 798 2431 3212 1047 3282 1596 2600 955 3067 2514 2956 2673 2569 1112 544 1116 611 462 2357 2376 157 168 2893 723 2324 1098 1548 1148 3079 486 958 152 429 3291 2713 2171 187 431 2222 722 3216 1278 1534 3125 1161 2450 1239 2820 1008 2480 1446 495 1929 2912 1130 1048 1325 2119 497 1069 3386 2607 1089 2299 808 1273 361 603 1741 3198 624 1007 2221 967 1273 865 1184 2428 2699 1114 1619 3290 1288 1876 1595 2394 2682 1756 1124 1479 2262 1625 2401 545 489 1860 660 1073 441 2211 3067 3064 1280 750 1203 3032 611 1050 3328 3415 1489 1150 
