152
0 1150 2550 3700 5100 6250 7650 8800 9358 8204 6810 5656 4262 3110 1723 604 9340 9170 8192 7916 7997 6795 6629 5649 5455 5375 4257 4101 3119 2925 2849 1755 1640 742 589 605 1381 3795 6317 8855 10354 9801 8462 8004 7001 6715 6278 6254 6374 6476 6492 6838 6943 7147 8118 8214 8544 9901 9987 10389 10343 10221 10106 10045 8518 8429 8336 8286 7151 7117 7061 7029 6536 6575 6577 6569 7150 7242 7591 8051 8783 9497 10471 11339 11927 11045 10052 9310 8534 8023 7592 7420 7688 7664 7693 7856 8178 8181 8268 8761 9362 9388 9516 10237 11019 11060 11213 12077 12036 11828 10234 10069 8809 8712 7967 7962 15738 15382 14563 14304 13766 13625 13413 13403 13524 13626 13680 13633 13749 13854 13984 13957 14428 14533 14730 14721 15502 15604 15856 15864 15799 15725 15683 14704 14651 14619 13993 13964 13945 13725 13726 13719 
1150 0 1400 2550 3950 5100 6500 7650 8209 7054 5660 4507 3115 1966 608 650 8192 8023 7045 6769 6850 5649 5487 4506 4311 4232 3119 2973 1995 1804 1732 742 758 816 1048 963 725 2675 5176 7709 9463 8945 7734 7342 6563 6386 6273 6377 6490 6586 6510 6511 6616 6741 7460 7561 7843 9052 9142 9517 9478 9369 9263 9206 7828 7762 7683 7639 6762 6761 6728 6706 6571 6671 6647 6678 7242 7150 7286 7591 8169 8783 9663 10471 11048 10221 9312 8661 8023 7653 7419 7424 7737 7701 7700 7693 7859 7850 7913 8268 8756 8772 8884 9516 10226 10261 10405 11213 11187 10996 9533 9396 8343 8285 7833 7875 15167 14851 14152 13944 13548 13466 13410 13461 13579 13678 13697 13642 13589 13693 13790 13753 14069 14174 14343 14326 14973 15077 15306 15307 15262 15197 15160 14331 14289 14263 13815 13799 13785 13771 13760 13771 
2550 1400 0 1150 2550 3700 5100 6250 6810 5656 4262 3110 1723 604 881 2016 6795 6629 5649 5375 5455 4257 4101 3119 2925 2849 1755 1640 742 605 589 1020 1252 2092 2363 2276 1554 1381 3795 6317 8462 8004 7001 6715 6278 6254 6544 6793 6893 6977 6799 6374 6476 6492 6838 6943 7147 8118 8214 8544 8518 8429 8336 8286 7151 7117 7061 7029 6536 6577 6575 6569 6878 7043 6991 7065 7591 7286 7150 7242 7591 8051 8783 9497 10052 9310 8534 8023 7592 7420 7446 7666 8021 7972 7938 7725 7688 7664 7693 7856 8178 8181 8268 8761 9362 9388 9516 10237 10234 10069 8809 8712 7967 7962 7896 7994 14563 14304 13766 13625 13413 13403 13539 13663 13776 13871 13847 13782 13524 13626 13680 13633 13749 13854 13984 13957 14428 14533 14730 14721 14704 14651 14619 13993 13964 13945 13726 13725 13719 13955 13929 13963 
3700 2550 1150 0 1400 2550 3950 5100 5660 4507 3115 1966 608 650 2010 3160 5649 5487 4506 4232 4311 3119 2973 1995 1804 1732 742 758 816 963 1048 2092 2306 3218 3493 3407 2627 725 2675 5176 7734 7342 6563 6386 6273 6377 6973 7319 7407 7482 7234 6490 6586 6510 6511 6616 6741 7460 7561 7843 7828 7762 7683 7639 6762 6761 6728 6706 6571 6647 6671 6678 7323 7532 7460 7564 8051 7591 7242 7150 7286 7591 8169 8783 9312 8661 8023 7653 7419 7424 7662 8043 8424 8365 8306 7938 7737 7701 7700 7693 7859 7850 7913 8268 8756 8772 8884 9516 9533 9396 8343 8285 7833 7875 8130 8270 14152 13944 13548 13466 13410 13461 13752 13932 14040 14132 14073 14001 13579 13678 13697 13642 13589 13693 13790 13753 14069 14174 14343 14326 14331 14289 14263 13815 13799 13785 13760 13771 13771 14208 14170 14222 
5100 3950 2550 1400 0 1150 2550 3700 4262 3110 1723 604 881 2016 3404 4557 4257 4101 3119 2849 2925 1755 1640 742 605 589 1020 1252 2092 2276 2363 3465 3668 4605 4881 4796 3991 1554 1381 3795 7001 6715 6278 6254 6544 6793 7697 8135 8209 8272 7957 6893 6977 6799 6374 6476 6492 6838 6943 7147 7151 7117 7061 7029 6536 6577 6575 6569 6878 6991 7043 7065 8056 8306 8215 8347 8783 8169 7591 7286 7150 7242 7591 8051 8534 8023 7592 7420 7446 7666 8140 8687 9088 9021 8935 8405 8021 7972 7938 7725 7688 7664 7693 7856 8178 8181 8268 8761 8809 8712 7967 7962 7896 7994 8615 8799 13766 13625 13413 13403 13539 13663 14133 14377 14480 14566 14468 14389 13776 13871 13847 13782 13524 13626 13680 13633 13749 13854 13984 13957 13993 13964 13945 13726 13725 13719 13929 13955 13963 14633 14582 14654 
6250 5100 3700 2550 1150 0 1400 2550 3115 1966 608 650 2010 3160 4552 5705 3119 2973 1995 1732 1804 742 758 816 963 1048 2092 2306 3218 3407 3493 4605 4803 5749 6026 5941 5127 2627 725 2675 6563 6386 6273 6377 6973 7319 8420 8914 8978 9033 8676 7407 7482 7234 6490 6586 6510 6511 6616 6741 6762 6761 6728 6706 6571 6647 6671 6678 7323 7460 7532 7564 8780 9054 8952 9102 9497 8783 8051 7591 7242 7150 7286 7591 8023 7653 7419 7424 7662 8043 8683 9341 9750 9678 9575 8935 8424 8365 8306 7938 7737 7701 7700 7693 7859 7850 7913 8268 8343 8285 7833 7875 8130 8270 9156 9369 13548 13466 13410 13461 13752 13932 14539 14832 14929 15011 14884 14798 14040 14132 14073 14001 13579 13678 13697 13642 13589 13693 13790 13753 13815 13799 13785 13760 13771 13771 14170 14208 14222 15071 15009 15096 
7650 6500 5100 3950 2550 1400 0 1150 1723 604 881 2016 3404 4557 5950 7104 1755 1640 742 589 605 1020 1252 2092 2276 2363 3465 3668 4605 4796 4881 5998 6192 7144 7421 7337 6515 3991 1554 1381 6278 6254 6544 6793 7697 8135 9416 9960 10014 10059 9665 8209 8272 7957 6893 6977 6799 6374 6476 6492 6536 6577 6575 6569 6878 6991 7043 7065 8056 8215 8306 8347 9772 10068 9955 10121 10471 9663 8783 8169 7591 7286 7150 7242 7592 7420 7446 7666 8140 8687 9491 10255 10669 10592 10472 9727 9088 9021 8935 8405 8021 7972 7938 7725 7688 7664 7693 7856 7967 7962 7896 7994 8615 8799 9956 10195 13413 13403 13539 13663 14133 14377 15138 15484 15574 15650 15490 15399 14480 14566 14468 14389 13776 13871 13847 13782 13524 13626 13680 13633 13726 13725 13719 13929 13955 13963 14582 14633 14654 15701 15629 15732 
8800 7650 6250 5100 3700 2550 1150 0 608 650 2010 3160 4552 5705 7099 8254 742 758 816 1048 963 2092 2306 3218 3407 3493 4605 4803 5749 5941 6026 7144 7336 8292 8569 8484 7659 5127 2627 725 6273 6377 6973 7319 8420 8914 10305 10879 10925 10964 10547 8978 9033 8676 7407 7482 7234 6490 6586 6510 6571 6647 6671 6678 7323 7460 7532 7564 8780 8952 9054 9102 10656 10965 10845 11022 11339 10471 9497 8783 8051 7591 7242 7150 7419 7424 7662 8043 8683 9341 10250 11083 11497 11417 11286 10472 9750 9678 9575 8935 8424 8365 8306 7938 7737 7701 7700 7693 7833 7875 8130 8270 9156 9369 10705 10962 13410 13461 13752 13932 14539 14832 15706 16090 16175 16246 16062 15967 14929 15011 14884 14798 14040 14132 14073 14001 13579 13678 13697 13642 13760 13771 13771 14170 14208 14222 15009 15071 15096 16290 16210 16326 
9358 8209 6810 5660 4262 3115 1723 608 0 1155 2550 3705 5100 6255 7650 8805 279 476 1212 1485 1398 2595 2793 3740 3933 4017 5137 5327 6286 6479 6563 7685 7872 8834 9111 9028 8194 5650 3117 713 6101 6271 7023 7420 8628 9153 10609 11203 11243 11278 10846 9211 9259 8879 7501 7569 7284 6379 6470 6347 6416 6509 6546 6560 7379 7528 7611 7648 8986 9164 9274 9324 10956 11273 11149 11332 11626 10722 9693 8923 8108 7568 7109 6924 7150 7245 7591 8055 8783 9501 10471 11344 11757 11676 11538 10684 9914 9839 9726 9026 8447 8384 8311 7862 7577 7535 7520 7427 7580 7645 8064 8225 9252 9480 10917 11184 13197 13279 13648 13858 14539 14858 15795 16202 16283 16351 16153 16056 14952 15031 14887 14799 13964 14053 13976 13901 13395 13492 13493 13433 13564 13581 13585 14081 14125 14142 15020 15086 15115 16391 16306 16429 
8204 7054 5656 4507 3110 1966 604 650 1155 0 1395 2550 3945 5100 6495 7650 1158 1036 276 415 338 1451 1660 2590 2781 2866 3985 4177 5132 5325 5409 6531 6718 7680 7957 7873 7041 4500 1983 785 5999 6038 6497 6804 7838 8315 9678 10246 10293 10333 9921 8382 8439 8095 6897 6976 6756 6156 6255 6225 6277 6336 6347 6347 6841 6969 7033 7061 8198 8365 8464 8510 10030 10336 10218 10392 10717 9865 8918 8238 7564 7170 6922 6926 7241 7150 7283 7591 8164 8783 9658 10471 10886 10807 10679 9885 9189 9119 9022 8422 7962 7908 7859 7561 7440 7410 7425 7510 7634 7651 7743 7864 8640 8841 10116 10368 13149 13169 13383 13537 14083 14356 15184 15554 15641 15714 15539 15446 14455 14539 14424 14341 13648 13741 13699 13630 13289 13389 13426 13375 13480 13485 13482 13789 13821 13832 14545 14602 14625 15761 15684 15795 
6810 5660 4262 3115 1723 608 881 2010 2550 1395 0 1155 2550 3705 5100 6255 2535 2379 1398 1130 1204 279 476 1212 1398 1485 2595 2793 3740 3933 4017 5137 5327 6286 6563 6479 5650 3117 713 2076 6174 6051 6101 6271 7023 7420 8628 9153 9211 9259 8879 7501 7569 7284 6379 6470 6347 6174 6279 6365 6394 6409 6387 6371 6416 6509 6546 6560 7379 7528 7611 7648 8986 9274 9164 9324 9693 8923 8108 7568 7109 6924 6954 7185 7591 7287 7150 7245 7591 8055 8783 9501 9914 9839 9726 9026 8447 8384 8311 7862 7577 7535 7520 7427 7516 7502 7552 7843 7930 7890 7580 7645 8064 8225 9252 9480 13231 13176 13197 13279 13648 13858 14539 14858 14952 15031 14887 14799 13964 14053 13976 13901 13395 13492 13493 13433 13298 13402 13482 13442 13516 13505 13494 13564 13581 13585 14081 14125 14142 15086 15020 15115 
5656 4507 3110 1966 604 650 2016 3160 3705 2550 1155 0 1395 2550 3945 5100 3685 3521 2540 2266 2345 1158 1036 276 338 415 1451 1660 2590 2781 2866 3985 4177 5132 5409 5325 4500 1983 785 3210 6541 6296 5999 6038 6497 6804 7838 8315 8382 8439 8095 6897 6976 6756 6156 6255 6225 6420 6525 6699 6709 6689 6641 6613 6277 6336 6347 6347 6841 6969 7033 7061 8198 8464 8365 8510 8918 8238 7564 7170 6922 6926 7184 7585 8051 7591 7241 7150 7283 7591 8164 8783 9189 9119 9022 8422 7962 7908 7859 7561 7440 7410 7425 7510 7766 7765 7843 8285 8342 8260 7634 7651 7743 7864 8640 8841 13405 13289 13149 13169 13383 13537 14083 14356 14455 14539 14424 14341 13648 13741 13699 13630 13289 13389 13426 13375 13413 13518 13633 13602 13649 13626 13609 13480 13485 13482 13789 13821 13832 14602 14545 14625 
4262 3115 1723 608 881 2010 3404 4552 5100 3945 2550 1395 0 1155 2550 3705 5078 4909 3930 3654 3735 2535 2379 1398 1204 1130 279 476 1212 1398 1485 2595 2793 3740 4017 3933 3117 713 2076 4595 7212 6848 6174 6051 6101 6271 7023 7420 7501 7569 7284 6379 6470 6347 6174 6279 6365 6969 7071 7332 7322 7265 7192 7152 6394 6409 6387 6371 6416 6509 6546 6560 7379 7611 7528 7648 8108 7568 7109 6924 6954 7185 7692 8264 8783 8168 7591 7287 7150 7245 7591 8055 8447 8384 8311 7862 7577 7535 7520 7427 7516 7502 7552 7843 8280 8293 8398 8993 9018 8891 7930 7890 7580 7645 8064 8225 13746 13561 13231 13176 13197 13279 13648 13858 13964 14053 13976 13901 13395 13492 13493 13433 13298 13402 13482 13442 13685 13791 13946 13926 13942 13904 13880 13516 13505 13494 13564 13581 13585 14125 14081 14142 
3110 1966 604 650 2016 3160 4557 5705 6255 5100 3705 2550 1155 0 1395 2550 6231 6060 5082 4806 4888 3685 3521 2540 2345 2266 1158 1036 276 338 415 1451 1660 2590 2866 2781 1983 785 3210 5745 7910 7471 6541 6296 5999 6038 6497 6804 6897 6976 6756 6156 6255 6225 6420 6525 6699 7586 7684 8000 7977 7895 7806 7758 6709 6689 6641 6613 6277 6336 6347 6347 6841 7033 6969 7061 7564 7170 6922 6926 7184 7585 8265 8950 9498 8783 8051 7591 7241 7150 7283 7591 7962 7908 7859 7561 7440 7410 7425 7510 7766 7765 7843 8285 8848 8871 8994 9689 9691 9535 8342 8260 7634 7651 7743 7864 14124 13884 13405 13289 13149 13169 13383 13537 13648 13741 13699 13630 13289 13389 13426 13375 13413 13518 13633 13602 14009 14114 14300 14288 14279 14230 14201 13649 13626 13609 13480 13485 13482 13821 13789 13832 
1723 608 881 2010 3404 4552 5950 7099 7650 6495 5100 3945 2550 1395 0 1155 7625 7452 6476 6200 6281 5078 4909 3930 3735 3654 2535 2379 1398 1204 1130 279 476 1212 1485 1398 713 2076 4595 7136 8884 8378 7212 6848 6174 6051 6101 6271 6379 6470 6347 6174 6279 6365 6969 7071 7332 8486 8578 8944 8907 8803 8699 8643 7322 7265 7192 7152 6394 6409 6387 6371 6416 6546 6509 6560 7109 6924 6954 7185 7692 8264 9109 9898 10471 9661 8783 8168 7591 7287 7150 7245 7577 7535 7520 7427 7516 7502 7552 7843 8280 8293 8398 8993 9677 9710 9850 10641 10619 10434 9018 8891 7930 7890 7580 7645 14692 14394 13746 13561 13231 13176 13197 13279 13395 13492 13493 13433 13298 13402 13482 13442 13685 13791 13946 13926 14517 14620 14840 14838 14801 14740 14704 13942 13904 13880 13516 13505 13494 13581 13564 13585 
604 650 2016 3160 4557 5705 7104 8254 8805 7650 6255 5100 3705 2550 1155 0 8779 8606 7630 7353 7435 6231 6060 5082 4888 4806 3685 3521 2540 2345 2266 1158 1036 276 415 338 785 3210 5745 8289 9766 9219 7910 7471 6541 6296 5999 6038 6156 6255 6225 6420 6525 6699 7586 7684 8000 9321 9408 9805 9760 9640 9527 9467 7977 7895 7806 7758 6709 6689 6641 6613 6277 6347 6336 6347 6922 6926 7184 7585 8265 8950 9901 10755 11341 10471 9498 8783 8051 7591 7241 7150 7440 7410 7425 7510 7766 7765 7843 8285 8848 8871 8994 9689 10453 10492 10643 11495 11457 11252 9691 9535 8342 8260 7634 7651 15241 14898 14124 13884 13405 13289 13149 13169 13289 13389 13426 13375 13413 13518 13633 13602 14009 14114 14300 14288 15019 15122 15366 15371 15313 15243 15203 14279 14230 14201 13649 13626 13609 13485 13480 13482 
9340 8192 6795 5649 4257 3119 1755 742 279 1158 2535 3685 5078 6231 7625 8779 0 234 1150 1427 1344 2550 2734 3700 3894 3977 5100 5282 6250 6444 6527 7650 7831 8800 9077 8994 8152 5604 3057 539 5823 5998 6772 7179 8416 8951 10430 11032 11069 11102 10664 9006 9053 8666 7258 7326 7033 6105 6195 6070 6139 6233 6271 6285 7129 7280 7365 7403 8773 8953 9064 9116 10775 11095 10969 11154 11439 10522 9476 8691 7858 7304 6833 6646 6873 6966 7320 7796 8541 9274 10262 11147 11560 11479 11339 10471 9688 9612 9497 8783 8189 8126 8051 7591 7300 7258 7242 7150 7302 7367 7794 7958 9009 9240 10705 10975 12918 13000 13373 13586 14276 14600 15549 15960 16040 16108 15907 15809 14692 14771 14625 14536 13691 13780 13702 13626 13116 13214 13214 13155 13285 13303 13306 13807 13852 13869 14758 14826 14855 16147 16061 16186 
9170 8023 6629 5487 4101 2973 1640 758 476 1036 2379 3521 4909 6060 7452 8606 234 0 982 1255 1176 2375 2550 3523 3718 3800 4922 5100 6072 6266 6349 7472 7650 8621 8898 8816 7970 5420 2870 324 5644 5802 6550 6951 8182 8716 10197 10800 10837 10869 10431 8772 8819 8432 7031 7099 6811 5911 6002 5889 5956 6046 6080 6093 6906 7056 7139 7177 8539 8719 8830 8882 10542 10862 10736 10922 11205 10288 9242 8460 7635 7093 6645 6484 6726 6791 7119 7579 8313 9043 10028 10913 11326 11244 11104 10237 9456 9380 9265 8556 7971 7908 7835 7390 7119 7078 7067 7002 7150 7207 7591 7751 8783 9012 10471 10741 12755 12828 13181 13387 14063 14383 15324 15733 15814 15881 15682 15584 14476 14555 14411 14323 13493 13582 13508 13433 12944 13042 13048 12990 13117 13133 13135 13612 13655 13672 14544 14611 14639 15921 15836 15959 
8192 7045 5649 4506 3119 1995 742 816 1212 276 1398 2540 3930 5082 6476 7630 1150 982 0 277 195 1400 1587 2550 2744 2827 3950 4133 5100 5294 5377 6500 6682 7650 7927 7844 7003 4454 1910 680 5725 5762 6234 6551 7613 8101 9490 10067 10111 10150 9731 8166 8221 7869 6642 6720 6493 5879 5978 5950 6002 6060 6071 6071 6580 6709 6775 6804 7973 8143 8244 8291 9841 10150 10030 10207 10522 9656 8691 7995 7304 6899 6646 6654 6974 6875 7008 7324 7912 8545 9439 10267 10681 10602 10471 9663 8953 8882 8783 8169 7697 7642 7591 7286 7164 7135 7150 7242 7364 7379 7469 7592 8387 8592 9895 10150 12874 12893 13109 13264 13818 14094 14934 15309 15395 15467 15289 15195 14193 14276 14159 14076 13375 13468 13424 13356 13013 13113 13151 13100 13205 13209 13207 13515 13548 13559 14281 14339 14363 15513 15435 15548 
7916 6769 5375 4232 2849 1732 589 1048 1485 415 1130 2266 3654 4806 6200 7353 1427 1255 277 0 87 1123 1311 2273 2467 2550 3673 3856 4823 5017 5100 6223 6405 7373 7650 7567 6726 4177 1634 946 5726 5730 6121 6413 7426 7901 9265 9835 9881 9921 9508 7968 8026 7684 6508 6588 6379 5849 5949 5945 5992 6041 6045 6042 6462 6586 6647 6673 7786 7953 8052 8097 9617 9924 9805 9980 10303 9450 8507 7835 7183 6818 6621 6677 7017 6873 6950 7225 7771 8376 9245 10057 10471 10392 10264 9472 8783 8712 8617 8030 7591 7538 7494 7229 7150 7123 7146 7282 7397 7399 7407 7518 8246 8444 9703 9954 12870 12874 13050 13192 13711 13976 14788 15153 15241 15314 15142 15049 14076 14160 14051 13969 13303 13398 13363 13296 12994 13095 13142 13093 13191 13193 13188 13449 13479 13489 14169 14225 14247 15362 15286 15395 
7997 6850 5455 4311 2925 1804 605 963 1398 338 1204 2345 3735 4888 6281 7435 1344 1176 195 87 0 1206 1396 2356 2550 2633 3756 3940 4906 5100 5183 6306 6488 7456 7733 7650 6809 4262 1720 872 5749 5762 6176 6475 7500 7978 9347 9918 9964 10004 9589 8045 8102 7758 6569 6648 6435 5881 5981 5970 6018 6070 6076 6074 6519 6644 6707 6733 7860 8028 8127 8172 9699 10006 9887 10062 10384 9528 8581 7903 7241 6865 6651 6693 7027 6896 6991 7276 7834 8446 9321 10136 10550 10471 10343 9547 8853 8783 8686 8092 7645 7591 7545 7269 7177 7150 7171 7293 7410 7416 7448 7563 8309 8509 9779 10030 12895 12903 13091 13237 13765 14033 14852 15220 15307 15380 15207 15114 14133 14217 14105 14023 13348 13442 13404 13337 13023 13124 13168 13119 13219 13222 13217 13492 13523 13533 14225 14281 14304 15428 15351 15461 
6795 5649 4257 3119 1755 742 1020 2092 2595 1451 279 1158 2535 3685 5078 6231 2550 2375 1400 1123 1206 0 234 1150 1344 1427 2550 2734 3700 3894 3977 5100 5282 6250 6527 6444 5604 3057 539 2060 5912 5780 5823 5998 6772 7179 8416 8951 9006 9053 8666 7258 7326 7033 6105 6195 6070 5904 6008 6101 6129 6140 6117 6100 6139 6233 6271 6285 7129 7280 7365 7403 8773 9064 8953 9116 9476 8691 7858 7304 6833 6646 6683 6928 7341 7021 6873 6966 7320 7796 8541 9274 9688 9612 9497 8783 8189 8126 8051 7591 7300 7258 7242 7150 7247 7233 7286 7591 7675 7631 7302 7367 7794 7958 9009 9240 12959 12901 12918 13000 13373 13586 14276 14600 14692 14771 14625 14536 13691 13780 13702 13626 13116 13214 13214 13155 13024 13127 13209 13169 13242 13231 13220 13285 13303 13306 13807 13852 13869 14826 14758 14855 
6629 5487 4101 2973 1640 758 1252 2306 2793 1660 476 1036 2379 3521 4909 6060 2734 2550 1587 1311 1396 234 0 982 1176 1255 2375 2550 3523 3718 3800 4922 5100 6072 6349 6266 5420 2870 324 2231 5816 5659 5644 5802 6550 6951 8182 8716 8772 8819 8432 7031 7099 6811 5911 6002 5889 5783 5888 5998 6022 6027 5998 5979 5956 6046 6080 6093 6906 7056 7139 7177 8539 8830 8719 8882 9242 8460 7635 7093 6645 6484 6560 6840 7267 6914 6726 6791 7119 7579 8313 9043 9456 9380 9265 8556 7971 7908 7835 7390 7119 7078 7067 7002 7129 7118 7176 7514 7591 7537 7150 7207 7591 7751 8783 9012 12832 12764 12755 12828 13181 13387 14063 14383 14476 14555 14411 14323 13493 13582 13508 13433 12944 13042 13048 12990 12886 12990 13078 13040 13108 13095 13083 13117 13133 13135 13612 13655 13672 14611 14544 14639 
5649 4506 3119 1995 742 816 2092 3218 3740 2590 1212 276 1398 2540 3930 5082 3700 3523 2550 2273 2356 1150 982 0 195 277 1400 1587 2550 2744 2827 3950 4133 5100 5377 5294 4454 1910 680 3206 6300 6042 5725 5762 6234 6551 7613 8101 8166 8221 7869 6642 6720 6493 5879 5978 5950 6166 6271 6454 6462 6438 6388 6359 6002 6060 6071 6071 6580 6709 6775 6804 7973 8244 8143 8291 8691 7995 7304 6899 6646 6654 6928 7347 7820 7341 6974 6875 7008 7324 7912 8545 8953 8882 8783 8169 7697 7642 7591 7286 7164 7135 7150 7242 7511 7511 7591 8051 8104 8016 7364 7379 7469 7592 8387 8592 13140 13021 12874 12893 13109 13264 13818 14094 14193 14276 14159 14076 13375 13468 13424 13356 13013 13113 13151 13100 13145 13249 13367 13336 13382 13358 13341 13205 13209 13207 13515 13548 13559 14339 14281 14363 
5455 4311 2925 1804 605 963 2276 3407 3933 2781 1398 338 1204 2345 3735 4888 3894 3718 2744 2467 2550 1344 1176 195 0 87 1206 1396 2356 2550 2633 3756 3940 4906 5183 5100 4262 1720 872 3401 6399 6123 5749 5762 6176 6475 7500 7978 8045 8102 7758 6569 6648 6435 5881 5981 5970 6247 6352 6548 6553 6523 6470 6438 6018 6070 6076 6074 6519 6644 6707 6733 7860 8127 8028 8172 8581 7903 7241 6865 6651 6693 7004 7448 7930 7428 7027 6896 6991 7276 7834 8446 8853 8783 8686 8092 7645 7591 7545 7269 7177 7150 7171 7293 7589 7591 7675 8157 8207 8112 7410 7416 7448 7563 8309 8509 13198 13068 12895 12903 13091 13237 13765 14033 14133 14217 14105 14023 13348 13442 13404 13337 13023 13124 13168 13119 13193 13298 13421 13392 13433 13407 13389 13219 13222 13217 13492 13523 13533 14281 14225 14304 
5375 4232 2849 1732 589 1048 2363 3493 4017 2866 1485 415 1130 2266 3654 4806 3977 3800 2827 2550 2633 1427 1255 277 87 0 1123 1311 2273 2467 2550 3673 3856 4823 5100 5017 4177 1634 946 3482 6412 6127 5726 5730 6121 6413 7426 7901 7968 8026 7684 6508 6588 6379 5849 5949 5945 6251 6356 6558 6562 6529 6474 6441 5992 6041 6045 6042 6462 6586 6647 6673 7786 8052 7953 8097 8507 7835 7183 6818 6621 6677 7005 7462 7948 7435 7017 6873 6950 7225 7771 8376 8783 8712 8617 8030 7591 7538 7494 7229 7150 7123 7146 7282 7591 7594 7680 8174 8220 8123 7397 7399 7407 7518 8246 8444 13190 13056 12870 12874 13050 13192 13711 13976 14076 14160 14051 13969 13303 13398 13363 13296 12994 13095 13142 13093 13180 13285 13411 13382 13422 13395 13376 13191 13193 13188 13449 13479 13489 14225 14169 14247 
4257 3119 1755 742 1020 2092 3465 4605 5137 3985 2595 1451 279 1158 2535 3685 5100 4922 3950 3673 3756 2550 2375 1400 1206 1123 0 234 1150 1344 1427 2550 2734 3700 3977 3894 3057 539 2060 4604 7001 6622 5912 5780 5823 5998 6772 7179 7258 7326 7033 6105 6195 6070 5904 6008 6101 6741 6843 7114 7102 7040 6965 6922 6129 6140 6117 6100 6139 6233 6271 6285 7129 7365 7280 7403 7858 7304 6833 6646 6683 6928 7458 8051 8576 7941 7341 7021 6873 6966 7320 7796 8189 8126 8051 7591 7300 7258 7242 7150 7247 7233 7286 7591 8046 8061 8169 8783 8803 8671 7675 7631 7302 7367 7794 7958 13490 13300 12959 12901 12918 13000 13373 13586 13691 13780 13702 13626 13116 13214 13214 13155 13024 13127 13209 13169 13424 13529 13688 13668 13682 13643 13619 13242 13231 13220 13285 13303 13306 13852 13807 13869 
4101 2973 1640 758 1252 2306 3668 4803 5327 4177 2793 1660 476 1036 2379 3521 5282 5100 4133 3856 3940 2734 2550 1587 1396 1311 234 0 982 1176 1255 2375 2550 3523 3800 3718 2870 324 2231 4780 6986 6586 5816 5659 5644 5802 6550 6951 7031 7099 6811 5911 6002 5889 5783 5888 5998 6705 6805 7091 7076 7007 6927 6883 6022 6027 5998 5979 5956 6046 6080 6093 6906 7139 7056 7177 7635 7093 6645 6484 6560 6840 7411 8033 8567 7905 7267 6914 6726 6791 7119 7579 7971 7908 7835 7390 7119 7078 7067 7002 7129 7118 7176 7514 7998 8015 8128 8768 8783 8642 7591 7537 7150 7207 7591 7751 13403 13201 12832 12764 12755 12828 13181 13387 13493 13582 13508 13433 12944 13042 13048 12990 12886 12990 13078 13040 13326 13431 13596 13578 13586 13545 13520 13108 13095 13083 13117 13133 13135 13655 13612 13672 
3119 1995 742 816 2092 3218 4605 5749 6286 5132 3740 2590 1212 276 1398 2540 6250 6072 5100 4823 4906 3700 3523 2550 2356 2273 1150 982 0 195 277 1400 1587 2550 2827 2744 1910 680 3206 5753 7721 7267 6300 6042 5725 5762 6234 6551 6642 6720 6493 5879 5978 5950 6166 6271 6454 7381 7478 7804 7778 7692 7600 7550 6462 6438 6388 6359 6002 6060 6071 6071 6580 6775 6709 6804 7304 6899 6646 6654 6928 7347 8051 8756 9310 8575 7820 7341 6974 6875 7008 7324 7697 7642 7591 7286 7164 7135 7150 7242 7511 7511 7591 8051 8632 8656 8783 9497 9494 9332 8104 8016 7364 7379 7469 7592 13877 13632 13140 13021 12874 12893 13109 13264 13375 13468 13424 13356 13013 13113 13151 13100 13145 13249 13367 13336 13757 13861 14051 14040 14029 13979 13948 13382 13358 13341 13205 13209 13207 13548 13515 13559 
2925 1804 605 963 2276 3407 4796 5941 6479 5325 3933 2781 1398 338 1204 2345 6444 6266 5294 5017 5100 3894 3718 2744 2550 2467 1344 1176 195 0 87 1206 1396 2356 2633 2550 1720 872 3401 5948 7865 7402 6399 6123 5749 5762 6176 6475 6569 6648 6435 5881 5981 5970 6247 6352 6548 7515 7611 7945 7917 7827 7733 7682 6553 6523 6470 6438 6018 6070 6076 6074 6519 6707 6644 6733 7241 6865 6651 6693 7004 7448 8178 8897 9455 8707 7930 7428 7027 6896 6991 7276 7645 7591 7545 7269 7177 7150 7171 7293 7589 7591 7675 8157 8757 8783 8911 9639 9633 9467 8207 8112 7410 7416 7448 7563 13968 13714 13198 13068 12895 12903 13091 13237 13348 13442 13404 13337 13023 13124 13168 13119 13193 13298 13421 13392 13838 13943 14137 14127 14112 14061 14029 13433 13407 13389 13219 13222 13217 13523 13492 13533 
2849 1732 589 1048 2363 3493 4881 6026 6563 5409 4017 2866 1485 415 1130 2266 6527 6349 5377 5100 5183 3977 3800 2827 2633 2550 1427 1255 277 87 0 1123 1311 2273 2550 2467 1634 946 3482 6030 7903 7434 6412 6127 5726 5730 6121 6413 6508 6588 6379 5849 5949 5945 6251 6356 6558 7546 7642 7979 7951 7859 7764 7712 6562 6529 6474 6441 5992 6041 6045 6042 6462 6647 6586 6673 7183 6818 6621 6677 7005 7462 8204 8933 9493 8736 7948 7435 7017 6873 6950 7225 7591 7538 7494 7229 7150 7123 7146 7282 7591 7594 7680 8174 8783 8809 8939 9674 9667 9498 8220 8123 7397 7399 7407 7518 13975 13717 13190 13056 12870 12874 13050 13192 13303 13398 13363 13296 12994 13095 13142 13093 13180 13285 13411 13382 13841 13946 14142 14133 14116 14064 14032 13422 13395 13376 13191 13193 13188 13479 13449 13489 
1755 742 1020 2092 3465 4605 5998 7144 7685 6531 5137 3985 2595 1451 279 1158 7650 7472 6500 6223 6306 5100 4922 3950 3756 3673 2550 2375 1400 1206 1123 0 234 1150 1427 1344 539 2060 4604 7153 8722 8203 7001 6622 5912 5780 5823 5998 6105 6195 6070 5904 6008 6101 6741 6843 7114 8309 8400 8775 8736 8627 8521 8464 7102 7040 6965 6922 6129 6140 6117 6100 6139 6271 6233 6285 6833 6646 6683 6928 7458 8051 8921 9729 10306 9478 8576 7941 7341 7021 6873 6966 7300 7258 7242 7150 7247 7233 7286 7591 8046 8061 8169 8783 9486 9520 9663 10471 10445 10254 8803 8671 7675 7631 7302 7367 14459 14154 13490 13300 12959 12901 12918 13000 13116 13214 13214 13155 13024 13127 13209 13169 13424 13529 13688 13668 14276 14380 14603 14602 14562 14500 14463 13682 13643 13619 13242 13231 13220 13303 13285 13306 
1640 758 1252 2306 3668 4803 6192 7336 7872 6718 5327 4177 2793 1660 476 1036 7831 7650 6682 6405 6488 5282 5100 4133 3940 3856 2734 2550 1587 1396 1311 234 0 982 1255 1176 324 2231 4780 7330 8762 8230 6986 6586 5816 5659 5644 5802 5911 6002 5889 5783 5888 5998 6705 6805 7091 8335 8424 8809 8767 8653 8544 8486 7076 7007 6927 6883 6022 6027 5998 5979 5956 6080 6046 6093 6645 6484 6560 6840 7411 8033 8934 9762 10343 9496 8567 7905 7267 6914 6726 6791 7119 7078 7067 7002 7129 7118 7176 7514 7998 8015 8128 8768 9493 9530 9676 10503 10471 10275 8783 8642 7591 7537 7150 7207 14409 14094 13403 13201 12832 12764 12755 12828 12944 13042 13048 12990 12886 12990 13078 13040 13326 13431 13596 13578 14216 14319 14548 14549 14504 14439 14402 13586 13545 13520 13108 13095 13083 13133 13117 13135 
742 816 2092 3218 4605 5749 7144 8292 8834 7680 6286 5132 3740 2590 1212 276 8800 8621 7650 7373 7456 6250 6072 5100 4906 4823 3700 3523 2550 2356 2273 1150 982 0 277 195 680 3206 5753 8302 9619 9062 7721 7267 6300 6042 5725 5762 5879 5978 5950 6166 6271 6454 7381 7478 7804 9162 9247 9652 9605 9481 9366 9305 7778 7692 7600 7550 6462 6438 6388 6359 6002 6071 6060 6071 6646 6654 6928 7347 8051 8756 9729 10600 11190 10304 9310 8575 7820 7341 6974 6875 7164 7135 7150 7242 7511 7511 7591 8051 8632 8656 8783 9497 10277 10318 10471 11339 11296 11087 9494 9332 8104 8016 7364 7379 15017 14668 13877 13632 13140 13021 12874 12893 13013 13113 13151 13100 13145 13249 13367 13336 13757 13861 14051 14040 14789 14891 15138 15145 15084 15012 14971 14029 13979 13948 13382 13358 13341 13209 13205 13207 
589 1048 2363 3493 4881 6026 7421 8569 9111 7957 6563 5409 4017 2866 1485 415 9077 8898 7927 7650 7733 6527 6349 5377 5183 5100 3977 3800 2827 2633 2550 1427 1255 277 0 87 946 3482 6030 8579 9838 9273 7903 7434 6412 6127 5726 5730 5849 5949 5945 6251 6356 6558 7546 7642 7979 9371 9455 9866 9817 9690 9574 9512 7951 7859 7764 7712 6562 6529 6474 6441 5992 6045 6041 6042 6621 6677 7005 7462 8204 8933 9928 10812 11404 10506 9493 8736 7948 7435 7017 6873 7150 7123 7146 7282 7591 7594 7680 8174 8783 8809 8939 9674 10471 10514 10669 11549 11503 11290 9667 9498 8220 8123 7397 7399 15154 14795 13975 13717 13190 13056 12870 12874 12994 13095 13142 13093 13180 13285 13411 13382 13841 13946 14142 14133 14915 15017 15270 15278 15212 15138 15096 14116 14064 14032 13422 13395 13376 13193 13191 13188 
605 963 2276 3407 4796 5941 7337 8484 9028 7873 6479 5325 3933 2781 1398 338 8994 8816 7844 7567 7650 6444 6266 5294 5100 5017 3894 3718 2744 2550 2467 1344 1176 195 87 0 872 3401 5948 8497 9787 9224 7865 7402 6399 6123 5749 5762 5881 5981 5970 6247 6352 6548 7515 7611 7945 9323 9408 9816 9768 9643 9527 9465 7917 7827 7733 7682 6553 6523 6470 6438 6018 6076 6070 6074 6651 6693 7004 7448 8178 8897 9884 10764 11354 10461 9455 8707 7930 7428 7027 6896 7177 7150 7171 7293 7589 7591 7675 8157 8757 8783 8911 9639 10429 10471 10626 11501 11456 11244 9633 9467 8207 8112 7410 7416 15133 14778 13968 13714 13198 13068 12895 12903 13023 13124 13168 13119 13193 13298 13421 13392 13838 13943 14137 14127 14898 15000 15251 15259 15195 15121 15080 14112 14061 14029 13433 13407 13389 13222 13219 13217 
1381 725 1554 2627 3991 5127 6515 7659 8194 7041 5650 4500 3117 1983 713 785 8152 7970 7003 6726 6809 5604 5420 4454 4262 4177 3057 2870 1910 1720 1634 539 324 680 946 872 0 2550 5100 7650 8981 8436 7145 6721 5868 5672 5553 5674 5785 5879 5792 5797 5902 6040 6837 6936 7240 8538 8625 9020 8976 8857 8745 8685 7220 7144 7059 7012 6058 6052 6015 5992 5855 5962 5935 5971 6532 6425 6570 6903 7529 8188 9122 9971 10557 9691 8731 8036 7350 6947 6694 6704 7020 6983 6980 6968 7146 7139 7205 7590 8114 8134 8253 8925 9676 9715 9864 10711 10674 10471 8932 8783 7658 7591 7107 7150 14518 14189 13460 13242 12828 12742 12687 12742 12860 12959 12975 12919 12865 12969 13068 13032 13366 13471 13645 13630 14311 14414 14650 14653 14602 14534 14496 13631 13587 13559 13092 13075 13061 13051 13038 13052 
3795 2675 1381 725 1554 2627 3991 5127 5650 4500 3117 1983 713 785 2076 3210 5604 5420 4454 4177 4262 3057 2870 1910 1720 1634 539 324 680 872 946 2060 2231 3206 3482 3401 2550 0 2550 5100 7145 6721 5868 5672 5553 5674 6344 6724 6807 6878 6605 5785 5879 5792 5797 5902 6040 6837 6936 7240 7220 7144 7059 7012 6058 6052 6015 5992 5855 5935 5962 5971 6698 6922 6843 6957 7427 6922 6532 6425 6570 6903 7529 8188 8731 8036 7350 6947 6694 6704 6972 7392 7779 7718 7651 7246 7020 6983 6980 6968 7146 7139 7205 7590 8114 8134 8253 8925 8932 8783 7658 7591 7107 7150 7442 7591 13460 13242 12828 12742 12687 12742 13052 13243 13351 13441 13376 13303 12860 12959 12975 12919 12865 12969 13068 13032 13366 13471 13645 13630 13631 13587 13559 13092 13075 13061 13038 13051 13052 13516 13476 13531 
6317 5176 3795 2675 1381 725 1554 2627 3117 1983 713 785 2076 3210 4595 5745 3057 2870 1910 1634 1720 539 324 680 872 946 2060 2231 3206 3401 3482 4604 4780 5753 6030 5948 5100 2550 0 2550 5868 5672 5553 5674 6344 6724 7915 8440 8498 8546 8167 6807 6878 6605 5785 5879 5792 5797 5902 6040 6058 6052 6015 5992 5855 5935 5962 5971 6698 6843 6922 6957 8273 8561 8452 8612 8981 8219 7427 6922 6532 6425 6570 6903 7350 6947 6694 6704 6972 7392 8088 8794 9206 9131 9020 8334 7779 7718 7651 7246 7020 6983 6980 6968 7146 7139 7205 7590 7658 7591 7107 7150 7442 7591 8559 8783 12828 12742 12687 12742 13052 13243 13884 14192 14287 14367 14231 14144 13351 13441 13376 13303 12860 12959 12975 12919 12865 12969 13068 13032 13092 13075 13061 13038 13051 13052 13476 13516 13531 14424 14360 14452 
8855 7709 6317 5176 3795 2675 1381 725 713 785 2076 3210 4595 5745 7136 8289 539 324 680 946 872 2060 2231 3206 3401 3482 4604 4780 5753 5948 6030 7153 7330 8302 8579 8497 7650 5100 2550 0 5553 5674 6344 6724 7915 8440 9903 10501 10540 10573 10138 8498 8546 8167 6807 6878 6605 5785 5879 5792 5855 5935 5962 5971 6698 6843 6922 6957 8273 8452 8561 8612 10249 10567 10442 10626 10916 10009 8981 8219 7427 6922 6532 6425 6694 6704 6972 7392 8088 8794 9758 10632 11045 10964 10826 9971 9206 9131 9020 8334 7779 7718 7651 7246 7020 6983 6980 6968 7107 7150 7442 7591 8559 8783 10205 10471 12687 12742 13052 13243 13884 14192 15106 15506 15588 15657 15463 15367 14287 14367 14231 14144 13351 13441 13376 13303 12860 12959 12975 12919 13038 13051 13052 13476 13516 13531 14360 14424 14452 15698 15615 15736 
10354 9463 8462 7734 7001 6563 6278 6273 6101 5999 6174 6541 7212 7910 8884 9766 5823 5644 5725 5726 5749 5912 5816 6300 6399 6412 7001 6986 7721 7865 7903 8722 8762 9619 9838 9787 8981 7145 5868 5553 0 709 2550 3259 5100 5809 7650 8359 8330 8306 7784 5780 5757 5236 3231 3211 2691 690 691 261 360 540 666 730 2795 2999 3148 3222 5338 5541 5690 5765 7886 8237 8088 8312 8305 7163 5777 4644 3282 2199 1086 1052 1590 1152 1851 2849 4163 5283 6651 7791 8136 8049 7861 6734 5643 5556 5374 4276 3243 3156 2993 2056 1479 1435 1428 1782 1809 1723 2290 2563 4496 4814 6942 7265 7150 7189 7591 7861 8783 9215 10471 11002 11059 11107 10828 10721 9291 9355 9141 9043 7959 8042 7930 7848 7307 7406 7430 7377 7488 7499 7499 8048 8105 8129 9300 9390 9430 11119 11009 11171 
9801 8945 8004 7342 6715 6386 6254 6377 6271 6038 6051 6296 6848 7471 8378 9219 5998 5802 5762 5730 5762 5780 5659 6042 6123 6127 6622 6586 7267 7402 7434 8203 8230 9062 9273 9224 8436 6721 5672 5674 709 0 1841 2550 4391 5100 6941 7650 7621 7597 7075 5071 5049 4527 2523 2504 1984 125 230 619 550 425 347 320 2090 2295 2443 2517 4630 4833 4982 5057 7177 7529 7379 7604 7600 6460 5077 3950 2606 1577 903 1541 2140 1320 1364 2217 3485 4593 5953 7090 7438 7351 7165 6042 4960 4873 4693 3614 2624 2539 2391 1618 1473 1470 1554 2277 2242 2065 1838 2061 3839 4152 6253 6575 7181 7150 7379 7591 8387 8783 9962 10471 10532 10584 10321 10216 8864 8933 8744 8648 7695 7783 7706 7631 7271 7373 7437 7395 7477 7473 7466 7810 7855 7872 8893 8975 9012 10602 10497 10652 
8462 7734 7001 6563 6278 6273 6544 6973 7023 6497 6101 5999 6174 6541 7212 7910 6772 6550 6234 6121 6176 5823 5644 5725 5749 5726 5912 5816 6300 6399 6412 7001 6986 7721 7903 7865 7145 5868 5553 6344 2550 1841 0 709 2550 3259 5100 5809 5780 5757 5236 3231 3211 2691 690 691 261 1875 1911 2430 2335 2144 1996 1921 360 540 666 730 2795 2999 3148 3222 5338 5690 5541 5765 5777 4644 3282 2199 1086 1052 2143 3223 3826 2747 1590 1152 1851 2849 4163 5283 5643 5556 5374 4276 3243 3156 2993 2056 1479 1435 1428 1782 2620 2675 2851 3890 3783 3517 1809 1723 2290 2563 4496 4814 7591 7387 7150 7189 7591 7861 8783 9215 9291 9355 9141 9043 7959 8042 7930 7848 7307 7406 7430 7377 7512 7617 7780 7763 7771 7731 7706 7488 7499 7499 8048 8105 8129 9390 9300 9430 
8004 7342 6715 6386 6254 6377 6793 7319 7420 6804 6271 6038 6051 6296 6848 7471 7179 6951 6551 6413 6475 5998 5802 5762 5762 5730 5780 5659 6042 6123 6127 6622 6586 7267 7434 7402 6721 5672 5674 6724 3259 2550 709 0 1841 2550 4391 5100 5071 5049 4527 2523 2504 1984 125 230 619 2583 2616 3136 3040 2846 2697 2622 550 425 347 320 2090 2295 2443 2517 4630 4982 4833 5057 5077 3950 2606 1577 903 1541 2801 3907 4506 3402 2140 1320 1364 2217 3485 4593 4960 4873 4693 3614 2624 2539 2391 1618 1473 1470 1554 2277 3235 3298 3482 4556 4436 4157 2242 2065 1838 2061 3839 4152 7854 7591 7181 7150 7379 7591 8387 8783 8864 8933 8744 8648 7695 7783 7706 7631 7271 7373 7437 7395 7715 7820 8016 8008 7989 7937 7907 7477 7473 7466 7810 7855 7872 8975 8893 9012 
7001 6563 6278 6273 6544 6973 7697 8420 8628 7838 7023 6497 6101 5999 6174 6541 8416 8182 7613 7426 7500 6772 6550 6234 6176 6121 5823 5644 5725 5749 5726 5912 5816 6300 6412 6399 5868 5553 6344 7915 5100 4391 2550 1841 0 709 2550 3259 3231 3211 2691 690 691 261 1875 1911 2430 4423 4453 4974 4877 4680 4531 4456 2335 2144 1996 1921 360 540 666 730 2795 3148 2999 3222 3282 2199 1086 1052 2143 3223 4583 5715 6305 5174 3826 2747 1590 1152 1851 2849 3243 3156 2993 2056 1479 1435 1428 1782 2620 2675 2851 3890 4954 5026 5218 6332 6193 5898 3783 3517 1809 1723 2290 2563 8783 8394 7591 7387 7150 7189 7591 7861 7959 8042 7930 7848 7307 7406 7430 7377 7512 7617 7780 7763 8513 8614 8880 8894 8814 8736 8692 7771 7731 7706 7488 7499 7499 8105 8048 8129 
6715 6386 6254 6377 6793 7319 8135 8914 9153 8315 7420 6804 6271 6038 6051 6296 8951 8716 8101 7901 7978 7179 6951 6551 6475 6413 5998 5802 5762 5762 5730 5780 5659 6042 6127 6123 5672 5674 6724 8440 5809 5100 3259 2550 709 0 1841 2550 2523 2504 1984 125 230 619 2583 2616 3136 5131 5161 5682 5585 5388 5238 5163 3040 2846 2697 2622 550 425 347 320 2090 2443 2295 2517 2606 1577 903 1541 2801 3907 5280 6416 7002 5866 4506 3402 2140 1320 1364 2217 2624 2539 2391 1618 1473 1470 1554 2277 3235 3298 3482 4556 5636 5709 5902 7023 6880 6581 4436 4157 2242 2065 1838 2061 9209 8783 7854 7591 7181 7150 7379 7591 7695 7783 7706 7631 7271 7373 7437 7395 7715 7820 8016 8008 8899 8997 9284 9305 9206 9119 9072 7989 7937 7907 7477 7473 7466 7855 7810 7872 
6278 6273 6544 6973 7697 8420 9416 10305 10609 9678 8628 7838 7023 6497 6101 5999 10430 10197 9490 9265 9347 8416 8182 7613 7500 7426 6772 6550 6234 6176 6121 5823 5644 5725 5726 5749 5553 6344 7915 9903 7650 6941 5100 4391 2550 1841 0 709 690 691 261 1875 1911 2430 4423 4453 4974 6972 7001 7522 7424 7226 7077 7001 4877 4680 4531 4456 2335 2144 1996 1921 360 666 540 730 1086 1052 2143 3223 4583 5715 7101 8243 8824 7681 6305 5174 3826 2747 1590 1152 1479 1435 1428 1782 2620 2675 2851 3890 4954 5026 5218 6332 7432 7508 7702 8835 8683 8378 6193 5898 3783 3517 1809 1723 10471 9968 8783 8394 7591 7387 7150 7189 7307 7406 7430 7377 7512 7617 7780 7763 8513 8614 8880 8894 10076 10168 10497 10533 10393 10289 10233 8814 8736 8692 7771 7731 7706 7499 7488 7499 
6254 6377 6793 7319 8135 8914 9960 10879 11203 10246 9153 8315 7420 6804 6271 6038 11032 10800 10067 9835 9918 8951 8716 8101 7978 7901 7179 6951 6551 6475 6413 5998 5802 5762 5730 5762 5674 6724 8440 10501 8359 7650 5809 5100 3259 2550 709 0 125 230 619 2583 2616 3136 5131 5161 5682 7681 7709 8231 8133 7935 7785 7709 5585 5388 5238 5163 3040 2846 2697 2622 550 347 425 320 903 1541 2801 3907 5280 6416 7805 8948 9527 8382 7002 5866 4506 3402 2140 1320 1473 1470 1554 2277 3235 3298 3482 4556 5636 5709 5902 7023 8128 8205 8399 9535 9381 9074 6880 6581 4436 4157 2242 2065 10997 10471 9209 8783 7854 7591 7181 7150 7271 7373 7437 7395 7715 7820 8016 8008 8899 8997 9284 9305 10576 10665 11007 11047 10894 10786 10727 9206 9119 9072 7989 7937 7907 7473 7477 7466 
6374 6490 6893 7407 8209 8978 10014 10925 11243 10293 9211 8382 7501 6897 6379 6156 11069 10837 10111 9881 9964 9006 8772 8166 8045 7968 7258 7031 6642 6569 6508 6105 5911 5879 5849 5881 5785 6807 8498 10540 8330 7621 5780 5071 3231 2523 690 125 0 105 557 2550 2578 3100 5100 5127 5649 7650 7677 8199 8099 7901 7751 7675 5550 5352 5202 5127 3002 2805 2656 2580 473 224 319 196 779 1448 2735 3852 5231 6370 7762 8907 9483 8336 6954 5814 4447 3335 2052 1200 1349 1345 1432 2179 3156 3221 3406 4491 5577 5652 5845 6970 8078 8156 8350 9488 9332 9024 6824 6523 4366 4084 2136 1952 10896 10367 9097 8667 7732 7467 7058 7029 7150 7252 7315 7272 7591 7696 7893 7885 8783 8881 9170 9191 10471 10560 10903 10945 10790 10680 10622 9091 9003 8955 7865 7813 7783 7352 7355 7345 
6476 6586 6977 7482 8272 9033 10059 10964 11278 10333 9259 8439 7569 6976 6470 6255 11102 10869 10150 9921 10004 9053 8819 8221 8102 8026 7326 7099 6720 6648 6588 6195 6002 5978 5949 5981 5879 6878 8546 10573 8306 7597 5757 5049 3211 2504 691 230 105 0 522 2526 2550 3072 5075 5100 5622 7625 7650 8172 8072 7873 7723 7648 5522 5323 5173 5098 2972 2774 2624 2549 425 122 243 93 676 1374 2683 3807 5191 6333 7726 8873 9447 8299 6914 5771 4400 3280 1980 1100 1243 1240 1328 2098 3091 3157 3344 4437 5529 5604 5797 6927 8036 8114 8309 9448 9290 8982 6778 6475 4309 4023 2049 1858 10811 10279 9001 8569 7628 7362 6954 6927 7048 7150 7211 7168 7486 7591 7788 7781 8684 8783 9073 9095 10383 10471 10816 10858 10701 10591 10533 8993 8905 8857 7761 7709 7678 7249 7252 7243 
