226
0 1001 1101 1201 1501 1601 1701 1687 2001 2151 2197 2232 2277 2301 2451 2590 3006 3603 4224 5908 7650 8650 8750 8850 9150 9250 9350 9307 9650 9800 9810 9818 9829 9950 10100 10191 10616 11251 11859 13553 13816 11906 11454 10647 10224 10239 10317 9841 9359 7715 7041 7061 7083 7106 7131 7157 7198 7227 7258 7289 7322 7356 7391 6488 4355 4193 3115 2716 2841 3110 2331 1956 1000 1588 1677 1767 1858 1950 2043 2183 2277 2372 2467 2562 2658 2754 12008 12098 12053 12144 12191 12239 12287 12336 11918 11963 12009 12056 12103 12151 12199 12248 6183 6357 6270 6445 6532 6621 6709 6798 6134 6221 6309 6397 6486 6574 6664 6753 7892 7985 8078 8171 8264 8357 8450 7931 8115 8023 8208 8393 8301 8486 9451 9510 9570 9630 12912 12969 13026 13084 13142 13201 13260 12994 13108 13051 13165 13282 13223 13341 15257 15343 15430 15517 17423 17344 17265 16992 16914 16837 16760 16683 16607 16530 16454 16265 16190 16115 16040 15966 15745 15671 15598 15526 15454 15382 15310 15239 15167 15097 14817 14748 14680 14611 14543 14476 14409 14342 14276 14210 12317 12267 12219 12054 12008 11963 11919 11875 11832 11790 11748 11647 11608 11569 11532 11495 11389 11355 11322 11289 11258 11227 11197 11168 11140 11113 11011 10988 10966 10944 10924 10904 10885 10867 10850 10834 
1001 0 100 200 500 600 700 716 1000 1150 1218 1275 1346 1300 1450 1613 2019 2602 3225 4906 6650 7650 7750 7850 8150 8250 8350 8305 8650 8800 8809 8817 8828 8950 9100 9190 9614 10250 10857 12552 12827 10906 10463 9647 9224 9242 9325 8841 8360 6718 6052 6076 6100 6126 6154 6183 6230 6263 6297 6332 6369 6408 6447 5571 3384 3342 2169 1797 1985 2343 1430 1193 1379 2210 2273 2338 2405 2475 2547 2658 2734 2811 2890 2970 3052 3134 11097 11194 11146 11244 11294 11345 11396 11448 11010 11058 11107 11157 11208 11259 11311 11363 5701 5887 5794 5981 6075 6168 6263 6357 5665 5758 5852 5946 6041 6135 6230 6325 7521 7617 7714 7810 7907 8004 8101 7548 7740 7644 7837 8029 7933 8126 8858 8910 8962 9016 12070 12130 12191 12253 12314 12377 12440 12150 12270 12210 12331 12455 12393 12517 14374 14459 14544 14629 16613 16536 16460 16195 16119 16044 15970 15895 15821 15747 15674 15491 15419 15347 15275 15203 14991 14921 14851 14781 14712 14643 14575 14507 14439 14372 14106 14041 13976 13911 13847 13784 13720 13657 13595 13533 11808 11765 11723 11581 11542 11504 11467 11430 11394 11359 11325 11242 11210 11180 11150 11120 11038 11012 10987 10963 10939 10917 10896 10875 10855 10836 10770 10755 10742 10729 10717 10707 10697 10688 10680 10673 
1101 100 0 100 400 500 600 626 900 1050 1124 1185 1262 1200 1350 1519 1923 2502 3126 4807 6550 7550 7650 7750 8050 8150 8250 8205 8550 8700 8709 8717 8728 8850 9000 9090 9514 10150 10757 12453 12729 10806 10365 9547 9125 9143 9227 8741 8261 6619 5955 5979 6004 6030 6058 6088 6135 6168 6203 6239 6277 6316 6356 5483 3289 3265 2080 1713 1910 2280 1351 1141 1453 2290 2351 2414 2479 2547 2616 2724 2799 2874 2952 3030 3110 3191 11010 11107 11058 11157 11208 11259 11311 11363 10922 10971 11021 11071 11122 11173 11226 11278 5665 5852 5758 5946 6041 6135 6230 6325 5630 5725 5819 5914 6008 6103 6198 6294 7495 7592 7688 7785 7882 7980 8077 7521 7714 7617 7810 8004 7907 8101 8807 8858 8910 8962 11990 12051 12112 12174 12236 12299 12362 12070 12191 12130 12253 12377 12314 12440 14289 14374 14459 14544 16536 16460 16384 16119 16044 15970 15895 15821 15747 15674 15601 15419 15347 15275 15203 15132 14921 14851 14781 14712 14643 14575 14507 14439 14372 14305 14041 13976 13911 13847 13784 13720 13657 13595 13533 13472 11765 11723 11682 11542 11504 11467 11430 11394 11359 11325 11291 11210 11180 11150 11120 11092 11012 10987 10963 10939 10917 10896 10875 10855 10836 10818 10755 10742 10729 10717 10707 10697 10688 10680 10673 10667 
1201 200 100 0 300 400 500 541 800 950 1031 1098 1180 1100 1250 1425 1827 2402 3027 4707 6450 7450 7550 7650 7950 8050 8150 8106 8450 8600 8609 8618 8628 8750 8900 8990 9415 10050 10658 12353 12631 10707 10267 9448 9025 9044 9129 8642 8161 6520 5858 5882 5907 5934 5963 5993 6041 6075 6110 6147 6185 6224 6265 5396 3195 3189 1991 1630 1838 2220 1275 1097 1531 2372 2430 2491 2554 2620 2688 2793 2866 2940 3015 3092 3171 3250 10922 11021 10971 11071 11122 11173 11226 11278 10835 10884 10934 10985 11036 11088 11141 11194 5630 5819 5725 5914 6008 6103 6198 6294 5597 5692 5787 5882 5977 6073 6168 6264 7470 7567 7664 7762 7859 7956 8054 7495 7688 7592 7785 7980 7882 8077 8757 8807 8858 8910 11911 11972 12033 12096 12158 12221 12285 11990 12112 12051 12174 12299 12236 12362 14204 14289 14374 14459 16460 16384 16308 16044 15970 15895 15821 15747 15674 15601 15528 15347 15275 15203 15132 15061 14851 14781 14712 14643 14575 14507 14439 14372 14305 14238 13976 13911 13847 13784 13720 13657 13595 13533 13472 13411 11723 11682 11641 11504 11467 11430 11394 11359 11325 11291 11258 11180 11150 11120 11092 11064 10987 10963 10939 10917 10896 10875 10855 10836 10818 10801 10742 10729 10717 10707 10697 10688 10680 10673 10667 10662 
1501 500 400 300 0 100 200 335 500 650 763 851 955 800 950 1152 1542 2102 2729 4407 6150 7150 7250 7350 7650 7750 7850 7806 8150 8300 8310 8318 8329 8450 8600 8691 9115 9751 10358 12053 12338 10408 9974 9149 8727 8747 8835 8343 7864 6223 5566 5591 5618 5646 5676 5708 5758 5794 5831 5869 5909 5951 5993 5136 2915 2970 1733 1398 1640 2059 1070 1011 1776 2624 2677 2732 2790 2850 2913 3010 3078 3147 3218 3290 3363 3438 10661 10762 10711 10813 10865 10918 10971 11026 10574 10625 10676 10728 10780 10833 10887 10942 5536 5728 5632 5824 5920 6017 6113 6210 5508 5604 5701 5797 5894 5991 6088 6185 7404 7501 7600 7698 7796 7894 7992 7424 7620 7522 7718 7913 7816 8011 8612 8659 8708 8757 11674 11736 11799 11863 11927 11991 12056 11753 11877 11815 11940 12068 12004 12132 13952 14036 14120 14204 16232 16157 16082 15821 15747 15674 15601 15528 15455 15383 15311 15132 15061 14991 14921 14851 14643 14575 14507 14439 14372 14305 14238 14172 14106 14041 13784 13720 13657 13595 13533 13472 13411 13350 13290 13230 11601 11562 11523 11394 11359 11325 11291 11258 11226 11195 11164 11092 11064 11038 11012 10987 10917 10896 10875 10855 10836 10818 10801 10785 10770 10755 10707 10697 10688 10680 10673 10667 10662 10658 10654 10652 
1601 600 500 400 100 0 100 304 400 550 680 778 890 700 850 1064 1448 2002 2631 4307 6050 7050 7150 7250 7550 7650 7750 7706 8050 8200 8210 8218 8230 8350 8500 8591 9015 9651 10258 11953 12240 10309 9876 9050 8627 8648 8737 8244 7765 6124 5469 5495 5522 5551 5581 5614 5665 5701 5738 5778 5818 5860 5903 5051 2823 2900 1651 1326 1581 2012 1012 1001 1861 2710 2761 2815 2871 2930 2991 3086 3152 3219 3288 3359 3431 3505 10574 10676 10625 10728 10780 10833 10887 10942 10488 10539 10590 10642 10695 10749 10803 10858 5508 5701 5604 5797 5894 5991 6088 6185 5482 5579 5675 5772 5869 5967 6064 6161 7384 7482 7580 7679 7777 7875 7974 7404 7600 7501 7698 7894 7796 7992 8565 8612 8659 8708 11596 11659 11722 11786 11850 11915 11980 11674 11799 11736 11863 11991 11927 12056 13868 13952 14036 14120 16157 16082 16007 15747 15674 15601 15528 15455 15383 15311 15239 15061 14991 14921 14851 14781 14575 14507 14439 14372 14305 14238 14172 14106 14041 13976 13720 13657 13595 13533 13472 13411 13350 13290 13230 13171 11562 11523 11485 11359 11325 11291 11258 11226 11195 11164 11135 11064 11038 11012 10987 10963 10896 10875 10855 10836 10818 10801 10785 10770 10755 10742 10697 10688 10680 10673 10667 10662 10658 10654 10652 10650 
1701 700 600 500 200 100 0 304 300 450 602 711 832 600 750 978 1356 1903 2532 4207 5950 6950 7050 7150 7450 7550 7650 7606 7950 8100 8110 8119 8130 8250 8400 8491 8915 9551 10158 11853 12143 10209 9778 8951 8528 8549 8640 8144 7666 6025 5372 5398 5426 5456 5487 5519 5571 5608 5646 5686 5727 5770 5814 4966 2731 2832 1570 1258 1526 1970 962 1001 1947 2797 2847 2899 2954 3011 3070 3163 3227 3293 3360 3430 3500 3572 10488 10590 10539 10642 10695 10749 10803 10858 10402 10453 10505 10558 10611 10665 10720 10775 5482 5675 5579 5772 5869 5967 6064 6161 5457 5554 5652 5749 5846 5944 6042 6139 7366 7464 7563 7661 7760 7858 7957 7384 7580 7482 7679 7875 7777 7974 8520 8565 8612 8659 11518 11581 11645 11709 11774 11839 11905 11596 11722 11659 11786 11915 11850 11980 13784 13868 13952 14036 16082 16007 15933 15674 15601 15528 15455 15383 15311 15239 15168 14991 14921 14851 14781 14712 14507 14439 14372 14305 14238 14172 14106 14041 13976 13911 13657 13595 13533 13472 13411 13350 13290 13230 13171 13113 11523 11485 11448 11325 11291 11258 11226 11195 11164 11135 11106 11038 11012 10987 10963 10939 10875 10855 10836 10818 10801 10785 10770 10755 10742 10729 10688 10680 10673 10667 10662 10658 10654 10652 10650 10650 
1687 716 626 541 335 304 304 0 461 583 510 559 640 716 854 903 1319 1960 2552 4250 6010 7006 7106 7206 7506 7606 7706 7650 8006 8156 8151 8154 8160 8305 8455 8528 8953 9602 10200 11900 12130 10231 9767 8974 8550 8559 8631 8169 7682 6035 5354 5374 5397 5421 5447 5474 5518 5550 5583 5618 5654 5692 5732 4856 2673 2654 1453 1090 1312 1724 743 700 1773 2620 2661 2706 2754 2804 2857 2941 3000 3061 3124 3189 3256 3324 10383 10481 10432 10531 10582 10633 10685 10738 10296 10345 10394 10445 10496 10548 10600 10653 5206 5398 5302 5495 5591 5688 5785 5882 5179 5276 5372 5469 5566 5663 5760 5858 7080 7178 7276 7375 7473 7571 7670 7100 7296 7198 7394 7590 7492 7688 8276 8324 8373 8422 11371 11433 11494 11557 11620 11683 11747 11450 11573 11511 11635 11761 11698 11824 13664 13748 13833 13918 15923 15847 15771 15509 15435 15361 15287 15213 15140 15067 14995 14815 14744 14673 14602 14531 14322 14254 14185 14117 14049 13982 13914 13848 13782 13716 13457 13393 13330 13267 13205 13143 13081 13020 12960 12900 11266 11227 11189 11060 11026 10991 10958 10926 10894 10863 10833 10762 10735 10709 10684 10660 10592 10571 10551 10532 10514 10497 10481 10465 10451 10438 10394 10385 10377 10370 10365 10360 10356 10353 10351 10350 
2001 1000 900 800 500 400 300 461 0 150 427 570 716 300 450 742 1085 1603 2236 3908 5650 6650 6750 6850 7150 7250 7350 7306 7650 7800 7810 7819 7831 7950 8100 8192 8616 9251 9858 11553 11850 9911 9485 8652 8230 8253 8346 7846 7368 5729 5083 5110 5139 5170 5203 5238 5292 5331 5371 5413 5456 5501 5547 4715 2460 2640 1344 1085 1393 1868 863 1059 2214 3063 3109 3157 3207 3260 3314 3400 3460 3522 3585 3650 3717 3785 10230 10335 10282 10389 10443 10498 10553 10610 10145 10197 10250 10304 10359 10415 10471 10527 5413 5609 5511 5707 5805 5903 6002 6100 5394 5492 5590 5689 5787 5886 5984 6083 7319 7418 7517 7616 7715 7814 7913 7333 7531 7432 7630 7828 7729 7927 8388 8431 8475 8520 11286 11351 11416 11482 11548 11614 11681 11363 11492 11427 11557 11689 11623 11755 13535 13618 13701 13784 15858 15784 15711 15455 15383 15311 15239 15168 15097 15026 14956 14781 14712 14643 14575 14507 14305 14238 14172 14106 14041 13976 13911 13847 13784 13720 13472 13411 13350 13290 13230 13171 13113 13055 12997 12940 11412 11376 11342 11226 11195 11164 11135 11106 11078 11051 11025 10963 10939 10917 10896 10875 10818 10801 10785 10770 10755 10742 10729 10717 10707 10697 10667 10662 10658 10654 10652 10650 10650 10650 10652 10654 
2151 1150 1050 950 650 550 450 583 150 0 400 550 700 150 300 645 957 1453 2089 3758 5500 6500 6600 6700 7000 7100 7200 7156 7500 7650 7660 7670 7682 7800 7950 8042 8466 9101 9708 11403 11704 9762 9339 8503 8081 8105 8200 7697 7220 5581 4938 4966 4996 5028 5062 5098 5154 5194 5235 5278 5322 5368 5415 4592 2326 2552 1242 1021 1346 1834 850 1118 2351 3199 3242 3288 3337 3387 3440 3523 3581 3640 3701 3764 3829 3895 10102 10208 10155 10263 10317 10373 10429 10486 10017 10070 10124 10179 10234 10290 10347 10404 5384 5581 5483 5680 5779 5877 5976 6075 5368 5466 5565 5664 5763 5862 5961 6060 7300 7399 7498 7598 7697 7796 7896 7312 7510 7411 7610 7808 7709 7907 8326 8367 8410 8453 11172 11237 11303 11369 11436 11503 11570 11248 11378 11313 11444 11577 11510 11644 13411 13494 13577 13660 15747 15674 15601 15347 15275 15203 15132 15061 14991 14921 14851 14678 14609 14541 14473 14405 14205 14139 14073 14008 13944 13879 13815 13752 13689 13626 13380 13320 13260 13201 13142 13084 13026 12969 12912 12855 11359 11325 11291 11180 11150 11120 11092 11064 11038 11012 10987 10928 10906 10885 10865 10846 10793 10777 10762 10748 10735 10723 10712 10702 10692 10684 10660 10656 10653 10651 10650 10650 10651 10653 10656 10660 
2197 1218 1124 1031 763 680 602 510 427 400 0 150 300 427 500 395 810 1481 2050 3753 5518 6512 6612 6712 7011 7111 7211 7151 7511 7660 7650 7651 7656 7810 7960 8026 8451 9105 9700 11401 11620 9725 9257 8468 8044 8050 8122 7663 7175 5527 4844 4865 4887 4912 4938 4966 5012 5045 5080 5116 5154 5194 5235 4373 2166 2234 971 666 966 1443 450 781 2219 3052 3084 3120 3158 3199 3242 3312 3362 3413 3467 3523 3581 3640 9898 9998 9948 10050 10102 10155 10208 10263 9811 9862 9913 9964 10017 10070 10124 10179 4991 5188 5089 5286 5384 5483 5581 5680 4973 5072 5170 5269 5368 5466 5565 5664 6903 7002 7101 7200 7300 7399 7498 6916 7114 7015 7213 7411 7312 7510 7962 8006 8050 8095 10917 10980 11043 11107 11172 11237 11303 10995 11120 11057 11184 11313 11248 11378 13189 13273 13357 13441 15480 15405 15330 15072 14999 14926 14853 14781 14709 14638 14567 14390 14320 14250 14181 14112 13908 13840 13773 13707 13640 13575 13509 13444 13380 13316 13064 13002 12941 12880 12820 12760 12701 12642 12584 12526 10985 10949 10914 10799 10768 10738 10709 10680 10652 10626 10600 10539 10516 10494 10473 10453 10398 10382 10367 10352 10339 10326 10314 10304 10294 10285 10260 10256 10253 10251 10250 10250 10251 10253 10256 10260 
2232 1275 1185 1098 851 778 711 559 570 550 150 0 150 570 626 376 800 1518 2055 3762 5533 6523 6623 6723 7022 7121 7221 7154 7520 7670 7651 7650 7651 7819 7969 8025 8450 9111 9701 11404 11592 9716 9231 8459 8035 8035 8097 7656 7164 5515 4817 4835 4854 4876 4899 4925 4966 4996 5028 5062 5098 5135 5173 4298 2122 2122 894 548 828 1298 300 673 2187 3008 3036 3068 3102 3138 3178 3242 3288 3337 3387 3440 3495 3551 9825 9923 9873 9973 10024 10076 10128 10181 9737 9786 9836 9887 9938 9991 10044 10097 4844 5040 4942 5139 5237 5335 5434 5532 4825 4924 5022 5121 5220 5318 5417 5516 6754 6853 6952 7051 7151 7250 7349 6767 6965 6866 7064 7262 7163 7362 7827 7871 7916 7962 10823 10885 10948 11011 11075 11140 11204 10902 11026 10964 11089 11216 11152 11281 13107 13192 13276 13361 15381 15306 15231 14970 14897 14823 14750 14678 14605 14533 14461 14284 14213 14143 14073 14004 13797 13730 13662 13595 13528 13462 13396 13330 13265 13201 12947 12884 12823 12761 12700 12640 12580 12521 12462 12404 10845 10809 10774 10657 10625 10595 10565 10536 10508 10481 10455 10393 10370 10348 10326 10306 10250 10234 10218 10204 10190 10177 10165 10154 10145 10136 10110 10106 10103 10101 10100 10100 10101 10103 10106 10110 
2277 1346 1262 1180 955 890 832 640 716 700 300 150 0 716 762 414 819 1569 2072 3777 5551 6538 6637 6736 7035 7134 7234 7161 7533 7682 7656 7651 7650 7831 7981 8027 8452 9120 9705 11409 11566 9708 9207 8454 8029 8022 8075 7651 7156 5506 4794 4809 4825 4844 4865 4887 4925 4952 4981 5012 5045 5080 5116 4227 2089 2016 838 451 695 1154 150 583 2164 2972 2995 3022 3052 3084 3120 3178 3220 3265 3312 3362 3413 3467 9753 9849 9801 9898 9948 9998 10050 10102 9665 9713 9762 9811 9862 9913 9964 10017 4697 4893 4795 4991 5089 5188 5286 5384 4678 4776 4875 4973 5072 5170 5269 5368 6605 6704 6803 6903 7002 7101 7200 6619 6817 6718 6916 7114 7015 7213 7692 7737 7783 7829 10731 10792 10854 10917 10980 11043 11107 10810 10933 10871 10995 11120 11057 11184 13027 13112 13197 13283 15283 15207 15132 14870 14795 14722 14648 14575 14502 14429 14357 14178 14107 14036 13966 13896 13688 13620 13551 13484 13417 13350 13283 13217 13152 13086 12830 12767 12705 12643 12581 12520 12460 12400 12341 12282 10705 10669 10633 10515 10483 10452 10422 10392 10364 10336 10310 10247 10224 10201 10180 10159 10103 10086 10070 10055 10041 10028 10016 10005 9995 9986 9960 9956 9953 9951 9950 9950 9951 9953 9956 9960 
2301 1300 1200 1100 800 700 600 716 300 150 427 570 716 0 150 571 836 1304 1942 3609 5350 6350 6450 6550 6850 6950 7050 7006 7350 7500 7511 7520 7533 7650 7800 7892 8317 8951 9558 11253 11558 9613 9193 8354 7932 7957 8054 7548 7071 5434 4794 4823 4854 4887 4922 4958 5016 5057 5099 5143 5188 5235 5284 4470 2195 2470 1151 976 1315 1811 863 1193 2488 3335 3377 3421 3468 3516 3567 3647 3703 3761 3820 3881 3944 4008 9975 10082 10028 10137 10193 10249 10306 10364 9890 9944 9999 10054 10110 10167 10224 10282 5360 5558 5459 5657 5756 5855 5954 6053 5346 5445 5544 5644 5743 5842 5941 6041 7284 7383 7483 7582 7682 7782 7881 7294 7493 7393 7592 7791 7692 7891 8266 8306 8346 8388 11058 11124 11190 11257 11325 11392 11461 11134 11265 11199 11332 11466 11398 11534 13288 13370 13453 13535 15637 15564 15491 15239 15168 15097 15026 14956 14886 14816 14747 14575 14507 14439 14372 14305 14106 14041 13976 13911 13847 13784 13720 13657 13595 13533 13290 13230 13171 13113 13055 12997 12940 12884 12828 12772 11308 11274 11242 11135 11106 11078 11051 11025 10999 10975 10951 10896 10875 10855 10836 10818 10770 10755 10742 10729 10717 10707 10697 10688 10680 10673 10654 10652 10650 10650 10650 10652 10654 10658 10662 10667 
2451 1450 1350 1250 950 850 750 854 450 300 500 626 762 150 0 530 725 1154 1795 3459 5200 6200 6300 6400 6700 6800 6900 6857 7200 7350 7361 7371 7383 7500 7650 7743 8167 8801 9409 11103 11412 9464 9047 8205 7783 7809 7908 7399 6923 5286 4650 4680 4712 4746 4782 4819 4879 4921 4964 5009 5056 5104 5154 4350 2067 2394 1074 953 1301 1801 901 1281 2628 3473 3513 3556 3600 3647 3696 3774 3828 3883 3941 4000 4061 4123 9848 9957 9902 10012 10069 10126 10183 10242 9764 9818 9874 9930 9986 10044 10102 10161 5340 5538 5439 5638 5737 5836 5936 6035 5328 5428 5527 5627 5726 5826 5926 6025 7271 7371 7470 7570 7670 7769 7869 7279 7478 7379 7578 7777 7678 7877 8208 8246 8286 8326 10945 11012 11079 11146 11214 11283 11352 11021 11153 11087 11220 11356 11288 11424 13165 13247 13329 13411 15528 15455 15383 15132 15061 14991 14921 14851 14781 14712 14643 14473 14405 14338 14271 14205 14008 13944 13879 13815 13752 13689 13626 13564 13502 13441 13201 13142 13084 13026 12969 12912 12855 12800 12745 12690 11258 11226 11195 11092 11064 11038 11012 10987 10963 10939 10917 10865 10846 10827 10809 10793 10748 10735 10723 10712 10702 10692 10684 10676 10670 10664 10651 10650 10650 10651 10653 10656 10660 10664 10670 10676 
2590 1613 1519 1425 1152 1064 978 903 742 645 395 376 414 571 530 0 425 1156 1680 3386 5157 6147 6247 6347 6646 6745 6845 6779 7144 7294 7276 7275 7277 7444 7593 7650 8075 8735 9326 11028 11228 9343 8866 8086 7662 7664 7731 7282 6792 5143 4452 4472 4493 4517 4543 4571 4617 4650 4685 4721 4760 4800 4842 3988 1771 1907 601 425 775 1275 496 996 2561 3377 3403 3432 3463 3497 3533 3592 3634 3678 3725 3774 3824 3877 9511 9613 9561 9665 9718 9771 9826 9881 9424 9475 9527 9580 9633 9687 9742 9798 4809 5008 4909 5107 5207 5306 5406 5505 4799 4898 4998 5097 5197 5296 5396 5496 6742 6842 6941 7041 7141 7241 7340 6750 6949 6849 7048 7248 7148 7348 7695 7734 7775 7817 10547 10611 10676 10741 10807 10873 10939 10624 10752 10688 10817 10948 10882 11014 12807 12890 12974 13058 15117 15043 14969 14713 14641 14569 14497 14425 14354 14284 14213 14039 13970 13901 13833 13765 13563 13497 13431 13366 13301 13236 13172 13108 13045 12982 12735 12675 12615 12556 12497 12438 12381 12323 12267 12210 10738 10705 10673 10567 10539 10512 10485 10460 10435 10411 10389 10335 10316 10297 10279 10263 10218 10205 10193 10182 10172 10163 10155 10147 10141 10136 10125 10125 10126 10127 10130 10134 10139 10144 10151 10159 
3006 2019 1923 1827 1542 1448 1356 1319 1085 957 810 800 819 836 725 425 0 777 1256 2963 4735 5724 5824 5923 6222 6322 6421 6354 6721 6870 6851 6850 6852 7020 7169 7225 7650 8311 8901 10604 10811 8919 8448 7662 7237 7242 7312 6858 6368 4719 4035 4057 4081 4107 4136 4166 4216 4252 4290 4330 4372 4416 4462 3636 1376 1704 425 601 896 1352 863 1384 2980 3791 3814 3839 3867 3898 3930 3983 4021 4061 4104 4148 4194 4242 9146 9252 9198 9306 9361 9416 9473 9530 9060 9113 9167 9222 9277 9334 9390 9448 4777 4977 4877 5077 5177 5277 5377 5477 4775 4875 4975 5075 5175 5275 5375 5475 6725 6825 6925 7025 7125 7225 7325 6727 6927 6827 7027 7227 7127 7327 7538 7573 7609 7646 10223 10289 10356 10423 10491 10559 10628 10299 10431 10364 10497 10632 10564 10700 12455 12537 12620 12703 14804 14731 14659 14408 14337 14266 14196 14126 14056 13987 13918 13748 13680 13613 13547 13481 13284 13220 13156 13092 13029 12966 12904 12842 12781 12720 12482 12424 12366 12309 12253 12197 12141 12086 12032 11978 10604 10574 10546 10453 10429 10406 10383 10361 10340 10321 10302 10259 10243 10228 10215 10202 10169 10161 10153 10146 10140 10135 10131 10128 10126 10125 10131 10135 10140 10146 10153 10161 10169 10179 10190 10202 
3603 2602 2502 2402 2102 2002 1903 1960 1603 1453 1481 1518 1569 1304 1154 1156 777 0 671 2305 4053 5051 5151 5251 5551 5651 5751 5704 6051 6201 6207 6216 6229 6351 6501 6589 7013 7650 8255 9951 10272 8310 7907 7051 6630 6659 6767 6245 5771 4138 3529 3565 3605 3646 3690 3735 3808 3859 3912 3966 4022 4080 4140 3434 1166 2000 1070 1370 1628 2025 1632 2148 3699 4526 4555 4585 4618 4652 4689 4747 4788 4830 4875 4921 4968 5017 8841 8960 8900 9021 9082 9144 9207 9270 8760 8820 8880 8942 9003 9066 9129 9193 5224 5423 5324 5523 5622 5722 5822 5921 5235 5334 5433 5533 5632 5731 5831 5930 7175 7275 7374 7474 7574 7673 7773 7167 7367 7267 7467 7666 7567 7766 7749 7775 7802 7830 10041 10113 10185 10257 10330 10403 10477 10112 10254 10183 10326 10471 10398 10544 12182 12261 12341 12420 14640 14571 14502 14264 14197 14130 14064 13998 13932 13867 13803 13643 13580 13517 13455 13393 13210 13150 13091 13032 12973 12915 12858 12801 12745 12689 12471 12418 12365 12314 12262 12212 12162 12112 12063 12015 10842 10820 10798 10729 10711 10694 10678 10663 10649 10636 10624 10597 10588 10580 10573 10567 10554 10552 10550 10550 10550 10552 10554 10558 10562 10567 10597 10607 10618 10630 10642 10656 10671 10686 10702 10720 
4224 3225 3126 3027 2729 2631 2532 2552 2236 2089 2050 2055 2072 1942 1795 1680 1256 671 0 1707 3479 4468 4568 4667 4966 5066 5166 5101 5465 5614 5600 5602 5608 5764 5914 5976 6401 7056 7650 9351 9617 7682 7252 6424 6000 6018 6112 5618 5135 3494 2862 2897 2935 2975 3019 3065 3138 3191 3245 3302 3360 3421 3483 2820 700 1803 1366 1763 1924 2202 2099 2620 4236 5040 5060 5082 5105 5131 5158 5202 5234 5267 5302 5339 5377 5417 8180 8301 8240 8363 8426 8489 8553 8618 8100 8161 8223 8285 8348 8412 8477 8542 5022 5217 5120 5315 5413 5511 5609 5707 5045 5142 5239 5337 5434 5532 5629 5727 6954 7053 7151 7250 7349 7447 7546 6938 7135 7037 7234 7432 7333 7531 7325 7345 7365 7387 9409 9482 9555 9629 9704 9779 9854 9478 9623 9550 9697 9845 9771 9920 11526 11604 11682 11761 14009 13941 13874 13640 13575 13509 13444 13380 13316 13252 13189 13033 12972 12911 12850 12790 12613 12555 12497 12440 12384 12328 12273 12218 12164 12111 11902 11852 11802 11753 11704 11656 11609 11562 11516 11471 10425 10407 10390 10339 10326 10314 10304 10294 10285 10277 10271 10258 10254 10252 10250 10250 10254 10258 10262 10268 10274 10281 10289 10299 10309 10320 10374 10390 10407 10425 10443 10463 10483 10505 10527 10550 
5908 4906 4807 4707 4407 4307 4207 4250 3908 3758 3753 3762 3777 3609 3459 3386 2963 2305 1707 0 1776 2761 2861 2961 3260 3359 3459 3400 3758 3908 3903 3912 3926 4058 4207 4284 4708 5352 5952 7650 8018 6010 5661 4752 4332 4378 4524 3946 3482 1885 1487 1562 1640 1720 1803 1887 2016 2103 2191 2281 2371 2462 2554 2400 1901 2952 3032 3447 3558 3737 3798 4316 5941 6740 6757 6776 6796 6817 6840 6876 6903 6930 6959 6989 7020 7053 7002 7147 7074 7221 7296 7371 7446 7522 6933 7006 7080 7154 7229 7305 7381 7458 5774 5950 5862 6038 6127 6216 6306 6396 5823 5910 5998 6085 6174 6262 6351 6440 7577 7669 7762 7855 7948 8041 8134 7539 7725 7632 7819 8006 7912 8099 7358 7354 7352 7350 8459 8542 8626 8709 8793 8878 8962 8516 8681 8598 8764 8932 8848 9016 10359 10430 10501 10573 13030 12970 12911 12706 12649 12592 12536 12481 12426 12371 12317 12185 12134 12082 12032 11982 11836 11788 11741 11695 11650 11605 11561 11518 11475 11433 11273 11235 11197 11161 11125 11090 11055 11022 10989 10957 10402 10400 10400 10406 10410 10415 10420 10427 10435 10443 10453 10481 10494 10508 10522 10538 10591 10610 10630 10651 10673 10696 10720 10745 10770 10797 10911 10942 10973 11005 11039 11072 11107 11143 11179 11216 
7650 6650 6550 6450 6150 6050 5950 6010 5650 5500 5518 5533 5551 5350 5200 5157 4735 4053 3479 1776 0 1001 1101 1201 1501 1601 1701 1687 2001 2151 2197 2232 2277 2301 2451 2590 3006 3603 4224 5908 6488 4355 4193 3115 2716 2841 3110 2331 1956 1000 1588 1677 1767 1858 1950 2043 2183 2277 2372 2467 2562 2658 2754 3218 3637 4585 4805 5222 5324 5472 5573 6091 7715 8516 8533 8551 8570 8591 8612 8647 8671 8696 8723 8750 8779 8808 6183 6357 6270 6445 6532 6621 6709 6798 6134 6221 6309 6397 6486 6574 6664 6753 7023 7177 7100 7254 7332 7411 7490 7570 7088 7164 7241 7317 7395 7473 7551 7631 8655 8740 8825 8910 8995 9081 9167 8602 8772 8687 8858 9030 8944 9117 7933 7907 7882 7859 7892 7985 8078 8171 8264 8357 8450 7931 8115 8023 8208 8393 8301 8486 9451 9510 9570 9630 12317 12267 12219 12054 12008 11963 11919 11875 11832 11790 11748 11647 11608 11569 11532 11495 11389 11355 11322 11289 11258 11227 11197 11168 11140 11113 11011 10988 10966 10944 10924 10904 10885 10867 10850 10834 10812 10826 10842 10904 10924 10944 10966 10988 11011 11035 11060 11126 11154 11183 11212 11242 11338 11372 11406 11441 11477 11513 11550 11588 11627 11667 11832 11875 11919 11963 12008 12054 12100 12147 12195 12243 
8650 7650 7550 7450 7150 7050 6950 7006 6650 6500 6512 6523 6538 6350 6200 6147 5724 5051 4468 2761 1001 0 100 200 500 600 700 716 1000 1150 1218 1275 1346 1300 1450 1613 2019 2602 3225 4906 5571 3384 3342 2169 1797 1985 2343 1430 1193 1379 2210 2273 2338 2405 2475 2547 2658 2734 2811 2890 2970 3052 3134 3819 4584 5469 5779 6198 6286 6408 6555 7071 8702 9496 9511 9527 9544 9562 9580 9610 9632 9654 9677 9702 9727 9753 5701 5887 5794 5981 6075 6168 6263 6357 5665 5758 5852 5946 6041 6135 6230 6325 7674 7814 7744 7884 7956 8028 8100 8173 7747 7816 7885 7955 8026 8097 8169 8242 9192 9271 9350 9430 9510 9591 9672 9130 9290 9210 9370 9532 9451 9614 8208 8171 8134 8099 7521 7617 7714 7810 7907 8004 8101 7548 7740 7644 7837 8029 7933 8126 8858 8910 8962 9016 11808 11765 11723 11581 11542 11504 11467 11430 11394 11359 11325 11242 11210 11180 11150 11120 11038 11012 10987 10963 10939 10917 10896 10875 10855 10836 10770 10755 10742 10729 10717 10707 10697 10688 10680 10673 10951 10975 10999 11092 11120 11150 11180 11210 11242 11274 11308 11394 11430 11467 11504 11542 11661 11702 11744 11787 11830 11874 11918 11963 12009 12056 12248 12298 12348 12399 12451 12503 12556 12609 12663 12717 
8750 7750 7650 7550 7250 7150 7050 7106 6750 6600 6612 6623 6637 6450 6300 6247 5824 5151 4568 2861 1101 100 0 100 400 500 600 626 900 1050 1124 1185 1262 1200 1350 1519 1923 2502 3126 4807 5483 3289 3265 2080 1713 1910 2280 1351 1141 1453 2290 2351 2414 2479 2547 2616 2724 2799 2874 2952 3030 3110 3191 3892 4681 5562 5877 6297 6384 6504 6655 7170 8801 9595 9610 9626 9642 9660 9678 9708 9729 9751 9774 9798 9823 9849 5665 5852 5758 5946 6041 6135 6230 6325 5630 5725 5819 5914 6008 6103 6198 6294 7747 7885 7816 7955 8026 8097 8169 8242 7820 7888 7957 8026 8096 8167 8238 8310 9253 9332 9411 9490 9570 9650 9731 9192 9350 9271 9430 9591 9510 9672 8246 8208 8171 8134 7495 7592 7688 7785 7882 7980 8077 7521 7714 7617 7810 8004 7907 8101 8807 8858 8910 8962 11765 11723 11682 11542 11504 11467 11430 11394 11359 11325 11291 11210 11180 11150 11120 11092 11012 10987 10963 10939 10917 10896 10875 10855 10836 10818 10755 10742 10729 10717 10707 10697 10688 10680 10673 10667 10975 10999 11025 11120 11150 11180 11210 11242 11274 11308 11342 11430 11467 11504 11542 11581 11702 11744 11787 11830 11874 11918 11963 12009 12056 12103 12298 12348 12399 12451 12503 12556 12609 12663 12717 12772 
8850 7850 7750 7650 7350 7250 7150 7206 6850 6700 6712 6723 6736 6550 6400 6347 5923 5251 4667 2961 1201 200 100 0 300 400 500 541 800 950 1031 1098 1180 1100 1250 1425 1827 2402 3027 4707 5396 3195 3189 1991 1630 1838 2220 1275 1097 1531 2372 2430 2491 2554 2620 2688 2793 2866 2940 3015 3092 3171 3250 3965 4778 5654 5976 6396 6482 6600 6754 7269 8901 9694 9709 9724 9741 9758 9777 9806 9827 9849 9872 9895 9920 9946 5630 5819 5725 5914 6008 6103 6198 6294 5597 5692 5787 5882 5977 6073 6168 6264 7820 7957 7888 8026 8096 8167 8238 8310 7894 7961 8029 8098 8168 8238 8309 8380 9316 9394 9472 9551 9630 9710 9790 9253 9411 9332 9490 9650 9570 9731 8286 8246 8208 8171 7470 7567 7664 7762 7859 7956 8054 7495 7688 7592 7785 7980 7882 8077 8757 8807 8858 8910 11723 11682 11641 11504 11467 11430 11394 11359 11325 11291 11258 11180 11150 11120 11092 11064 10987 10963 10939 10917 10896 10875 10855 10836 10818 10801 10742 10729 10717 10707 10697 10688 10680 10673 10667 10662 10999 11025 11051 11150 11180 11210 11242 11274 11308 11342 11376 11467 11504 11542 11581 11621 11744 11787 11830 11874 11918 11963 12009 12056 12103 12151 12348 12399 12451 12503 12556 12609 12663 12717 12772 12828 
9150 8150 8050 7950 7650 7550 7450 7506 7150 7000 7011 7022 7035 6850 6700 6646 6222 5551 4966 3260 1501 500 400 300 0 100 200 335 500 650 763 851 955 800 950 1152 1542 2102 2729 4407 5136 2915 2970 1733 1398 1640 2059 1070 1011 1776 2624 2677 2732 2790 2850 2913 3010 3078 3147 3218 3290 3363 3438 4193 5071 5934 6272 6693 6776 6889 7051 7566 9199 9992 10006 10021 10037 10053 10071 10100 10120 10141 10164 10187 10211 10236 5536 5728 5632 5824 5920 6017 6113 6210 5508 5604 5701 5797 5894 5991 6088 6185 8043 8176 8109 8244 8312 8381 8451 8521 8119 8184 8251 8318 8385 8454 8522 8592 9507 9584 9660 9738 9816 9894 9972 9443 9597 9520 9675 9832 9753 9911 8410 8367 8326 8286 7404 7501 7600 7698 7796 7894 7992 7424 7620 7522 7718 7913 7816 8011 8612 8659 8708 8757 11601 11562 11523 11394 11359 11325 11291 11258 11226 11195 11164 11092 11064 11038 11012 10987 10917 10896 10875 10855 10836 10818 10801 10785 10770 10755 10707 10697 10688 10680 10673 10667 10662 10658 10654 10652 11078 11106 11135 11242 11274 11308 11342 11376 11412 11448 11485 11581 11621 11661 11702 11744 11874 11918 11963 12009 12056 12103 12151 12199 12248 12298 12503 12556 12609 12663 12717 12772 12828 12884 12940 12997 
9250 8250 8150 8050 7750 7650 7550 7606 7250 7100 7111 7121 7134 6950 6800 6745 6322 5651 5066 3359 1601 600 500 400 100 0 100 304 400 550 680 778 890 700 850 1064 1448 2002 2631 4307 5051 2823 2900 1651 1326 1581 2012 1012 1001 1861 2710 2761 2815 2871 2930 2991 3086 3152 3219 3288 3359 3431 3505 4271 5168 6028 6371 6792 6874 6986 7151 7666 9299 10091 10105 10119 10135 10152 10170 10198 10218 10239 10261 10284 10308 10332 5508 5701 5604 5797 5894 5991 6088 6185 5482 5579 5675 5772 5869 5967 6064 6161 8119 8251 8184 8318 8385 8454 8522 8592 8195 8260 8325 8392 8459 8527 8595 8664 9572 9648 9724 9801 9879 9956 10034 9507 9660 9584 9738 9894 9816 9972 8453 8410 8367 8326 7384 7482 7580 7679 7777 7875 7974 7404 7600 7501 7698 7894 7796 7992 8565 8612 8659 8708 11562 11523 11485 11359 11325 11291 11258 11226 11195 11164 11135 11064 11038 11012 10987 10963 10896 10875 10855 10836 10818 10801 10785 10770 10755 10742 10697 10688 10680 10673 10667 10662 10658 10654 10652 10650 11106 11135 11164 11274 11308 11342 11376 11412 11448 11485 11523 11621 11661 11702 11744 11787 11918 11963 12009 12056 12103 12151 12199 12248 12298 12348 12556 12609 12663 12717 12772 12828 12884 12940 12997 13055 
9350 8350 8250 8150 7850 7750 7650 7706 7350 7200 7211 7221 7234 7050 6900 6845 6421 5751 5166 3459 1701 700 600 500 200 100 0 304 300 450 602 711 832 600 750 978 1356 1903 2532 4207 4966 2731 2832 1570 1258 1526 1970 962 1001 1947 2797 2847 2899 2954 3011 3070 3163 3227 3293 3360 3430 3500 3572 4350 5266 6121 6470 6891 6972 7083 7250 7765 9398 10190 10204 10218 10234 10250 10268 10296 10316 10337 10359 10381 10405 10429 5482 5675 5579 5772 5869 5967 6064 6161 5457 5554 5652 5749 5846 5944 6042 6139 8195 8325 8260 8392 8459 8527 8595 8664 8271 8336 8401 8467 8533 8600 8668 8736 9638 9713 9789 9865 9942 10019 10097 9572 9724 9648 9801 9956 9879 10034 8497 8453 8410 8367 7366 7464 7563 7661 7760 7858 7957 7384 7580 7482 7679 7875 7777 7974 8520 8565 8612 8659 11523 11485 11448 11325 11291 11258 11226 11195 11164 11135 11106 11038 11012 10987 10963 10939 10875 10855 10836 10818 10801 10785 10770 10755 10742 10729 10688 10680 10673 10667 10662 10658 10654 10652 10650 10650 11135 11164 11195 11308 11342 11376 11412 11448 11485 11523 11562 11661 11702 11744 11787 11830 11963 12009 12056 12103 12151 12199 12248 12298 12348 12399 12609 12663 12717 12772 12828 12884 12940 12997 13055 13113 
9307 8305 8205 8106 7806 7706 7606 7650 7306 7156 7151 7154 7161 7006 6857 6779 6354 5704 5101 3400 1687 716 626 541 335 304 304 0 461 583 510 559 640 716 854 903 1319 1960 2552 4250 4856 2673 2654 1453 1090 1312 1724 743 700 1773 2620 2661 2706 2754 2804 2857 2941 3000 3061 3124 3189 3256 3324 4133 5162 5977 6383 6806 6873 6963 7171 7682 9323 10105 10116 10127 10140 10154 10169 10193 10210 10228 10247 10267 10288 10310 5206 5398 5302 5495 5591 5688 5785 5882 5179 5276 5372 5469 5566 5663 5760 5858 7965 8092 8028 8157 8222 8288 8355 8422 8043 8106 8169 8233 8298 8363 8429 8496 9380 9455 9530 9605 9681 9757 9833 9314 9464 9388 9540 9692 9616 9769 8207 8162 8117 8074 7080 7178 7276 7375 7473 7571 7670 7100 7296 7198 7394 7590 7492 7688 8276 8324 8373 8422 11266 11227 11189 11060 11026 10991 10958 10926 10894 10863 10833 10762 10735 10709 10684 10660 10592 10571 10551 10532 10514 10497 10481 10465 10451 10438 10394 10385 10377 10370 10365 10360 10356 10353 10351 10350 10833 10863 10894 11008 11043 11078 11114 11151 11189 11227 11266 11367 11409 11451 11494 11538 11674 11721 11768 11816 11864 11914 11963 12014 12065 12117 12329 12384 12439 12495 12551 12608 12665 12723 12782 12841 
9650 8650 8550 8450 8150 8050 7950 8006 7650 7500 7511 7520 7533 7350 7200 7144 6721 6051 5465 3758 2001 1000 900 800 500 400 300 461 0 150 427 570 716 300 450 742 1085 1603 2236 3908 4715 2460 2640 1344 1085 1393 1868 863 1059 2214 3063 3109 3157 3207 3260 3314 3400 3460 3522 3585 3650 3717 3785 4592 5560 6404 6767 7188 7267 7373 7548 8062 9697 10487 10501 10515 10530 10546 10563 10591 10610 10630 10651 10673 10696 10720 5413 5609 5511 5707 5805 5903 6002 6100 5394 5492 5590 5689 5787 5886 5984 6083 8426 8553 8489 8618 8683 8749 8815 8883 8504 8566 8630 8694 8759 8824 8890 8957 9838 9912 9986 10061 10136 10212 10288 9771 9920 9845 9995 10147 10071 10224 8635 8588 8542 8497 7319 7418 7517 7616 7715 7814 7913 7333 7531 7432 7630 7828 7729 7927 8388 8431 8475 8520 11412 11376 11342 11226 11195 11164 11135 11106 11078 11051 11025 10963 10939 10917 10896 10875 10818 10801 10785 10770 10755 10742 10729 10717 10707 10697 10667 10662 10658 10654 10652 10650 10650 10650 10652 10654 11226 11258 11291 11412 11448 11485 11523 11562 11601 11641 11682 11787 11830 11874 11918 11963 12103 12151 12199 12248 12298 12348 12399 12451 12503 12556 12772 12828 12884 12940 12997 13055 13113 13171 13230 13290 
9800 8800 8700 8600 8300 8200 8100 8156 7800 7650 7660 7670 7682 7500 7350 7294 6870 6201 5614 3908 2151 1150 1050 950 650 550 450 583 150 0 400 550 700 150 300 645 957 1453 2089 3758 4592 2326 2552 1242 1021 1346 1834 850 1118 2351 3199 3242 3288 3337 3387 3440 3523 3581 3640 3701 3764 3829 3895 4715 5707 6546 6916 7337 7415 7519 7697 8211 9846 10636 10649 10663 10678 10694 10711 10738 10757 10777 10798 10820 10842 10866 5384 5581 5483 5680 5779 5877 5976 6075 5368 5466 5565 5664 5763 5862 5961 6060 8543 8668 8605 8732 8797 8862 8927 8994 8621 8683 8746 8809 8873 8938 9003 9069 9940 10013 10087 10161 10235 10310 10386 9872 10020 9945 10094 10245 10169 10320 8708 8659 8612 8565 7300 7399 7498 7598 7697 7796 7896 7312 7510 7411 7610 7808 7709 7907 8326 8367 8410 8453 11359 11325 11291 11180 11150 11120 11092 11064 11038 11012 10987 10928 10906 10885 10865 10846 10793 10777 10762 10748 10735 10723 10712 10702 10692 10684 10660 10656 10653 10651 10650 10650 10651 10653 10656 10660 11274 11308 11342 11467 11504 11542 11581 11621 11661 11702 11744 11852 11896 11941 11986 12033 12175 12224 12273 12323 12374 12425 12477 12529 12582 12636 12855 12912 12969 13026 13084 13142 13201 13260 13320 13380 
9810 8809 8709 8609 8310 8210 8110 8151 7810 7660 7650 7651 7656 7511 7361 7276 6851 6207 5600 3903 2197 1218 1124 1031 763 680 602 510 427 400 0 150 300 427 500 395 810 1481 2050 3753 4373 2166 2234 971 666 966 1443 450 781 2219 3052 3084 3120 3158 3199 3242 3312 3362 3413 3467 3523 3581 3640 4502 5644 6429 6872 7296 7355 7433 7663 8172 9815 10593 10602 10612 10624 10636 10649 10671 10686 10702 10720 10738 10757 10777 4991 5188 5089 5286 5384 5483 5581 5680 4973 5072 5170 5269 5368 5466 5565 5664 8301 8420 8360 8481 8543 8605 8668 8732 8382 8440 8500 8560 8621 8683 8746 8809 9652 9723 9795 9867 9940 10013 10087 9582 9726 9654 9799 9945 9872 10020 8361 8310 8261 8212 6903 7002 7101 7200 7300 7399 7498 6916 7114 7015 7213 7411 7312 7510 7962 8006 8050 8095 10985 10949 10914 10799 10768 10738 10709 10680 10652 10626 10600 10539 10516 10494 10473 10453 10398 10382 10367 10352 10339 10326 10314 10304 10294 10285 10260 10256 10253 10251 10250 10250 10251 10253 10256 10260 10897 10932 10967 11096 11135 11174 11214 11255 11297 11340 11383 11494 11539 11585 11632 11680 11827 11877 11928 11979 12031 12084 12137 12191 12246 12301 12526 12584 12642 12701 12760 12820 12880 12941 13002 13064 
9818 8817 8717 8618 8318 8218 8119 8154 7819 7670 7651 7650 7651 7520 7371 7275 6850 6216 5602 3912 2232 1275 1185 1098 851 778 711 559 570 550 150 0 150 570 626 376 800 1518 2055 3762 4298 2122 2122 894 548 828 1298 300 673 2187 3008 3036 3068 3102 3138 3178 3242 3288 3337 3387 3440 3495 3551 4429 5627 6391 6862 7286 7338 7406 7656 8162 9808 10580 10588 10597 10607 10618 10630 10649 10663 10678 10694 10711 10729 10747 4844 5040 4942 5139 5237 5335 5434 5532 4825 4924 5022 5121 5220 5318 5417 5516 8213 8330 8271 8390 8451 8512 8574 8637 8295 8352 8411 8470 8530 8591 8652 8714 9546 9617 9688 9759 9831 9904 9976 9475 9618 9546 9690 9835 9762 9909 8232 8181 8130 8081 6754 6853 6952 7051 7151 7250 7349 6767 6965 6866 7064 7262 7163 7362 7827 7871 7916 7962 10845 10809 10774 10657 10625 10595 10565 10536 10508 10481 10455 10393 10370 10348 10326 10306 10250 10234 10218 10204 10190 10177 10165 10154 10145 10136 10110 10106 10103 10101 10100 10100 10101 10103 10106 10110 10756 10791 10827 10958 10997 11037 11078 11119 11161 11204 11248 11360 11406 11453 11500 11549 11697 11748 11799 11851 11904 11957 12011 12065 12120 12176 12404 12462 12521 12580 12640 12700 12761 12823 12884 12947 
9829 8828 8728 8628 8329 8230 8130 8160 7831 7682 7656 7651 7650 7533 7383 7277 6852 6229 5608 3926 2277 1346 1262 1180 955 890 832 640 716 700 300 150 0 716 762 414 819 1569 2072 3777 4227 2089 2016 838 451 695 1154 150 583 2164 2972 2995 3022 3052 3084 3120 3178 3220 3265 3312 3362 3413 3467 4360 5614 6356 6855 7279 7325 7382 7651 8156 9803 10570 10577 10584 10593 10602 10612 10630 10642 10656 10671 10686 10702 10720 4697 4893 4795 4991 5089 5188 5286 5384 4678 4776 4875 4973 5072 5170 5269 5368 8127 8242 8184 8301 8360 8420 8481 8543 8210 8266 8323 8382 8440 8500 8560 8621 9442 9511 9581 9652 9723 9795 9867 9370 9511 9440 9582 9726 9654 9799 8104 8052 8001 7951 6605 6704 6803 6903 7002 7101 7200 6619 6817 6718 6916 7114 7015 7213 7692 7737 7783 7829 10705 10669 10633 10515 10483 10452 10422 10392 10364 10336 10310 10247 10224 10201 10180 10159 10103 10086 10070 10055 10041 10028 10016 10005 9995 9986 9960 9956 9953 9951 9950 9950 9951 9953 9956 9960 10616 10651 10687 10820 10859 10900 10941 10983 11026 11069 11113 11227 11274 11321 11369 11418 11568 11619 11671 11724 11777 11831 11885 11940 11996 12052 12282 12341 12400 12460 12520 12581 12643 12705 12767 12830 
